# name: debug
# type: sparse matrix
# nnz: 3600
# rows: 60
# columns: 60

1 1 314704886.162568927
2 1 -35729486.578430429
3 1 -40522579.971822299
4 1 -14880412.848149344
5 1 -363551821.871993184
6 1 5134372.340330028
7 1 -338528.187333036
8 1 60746.903016754
9 1 26650.594025268
10 1 4133.464159680
11 1 4374061.003306078
12 1 -222229.818651297
13 1 -592535.047079447
14 1 61140.243528545
15 1 -16954.924671478
16 1 71832.075765809
17 1 8881095.342810970
18 1 -78462.147377976
19 1 -554505.591868825
20 1 28686.881794581
21 1 17537.776444121
22 1 -45834.635542439
23 1 1655886.977391158
24 1 288752.077925075
25 1 -439422.733935032
26 1 47925.188643039
27 1 32967.235202665
28 1 8395.010506867
29 1 1665528.505027172
30 1 -71320.867319968
31 1 -474190.525112339
32 1 59333.539063559
33 1 50354.148464467
34 1 3878.015896756
35 1 2582008.465440664
36 1 111448.735624729
37 1 -437358.873968022
38 1 84546.587403109
39 1 33884.926686930
40 1 234503.507903018
41 1 2923087.072298727
42 1 441261.026692147
43 1 -385130.553125291
44 1 91814.396750811
45 1 52256.493196098
46 1 148724.777494081
47 1 1456712.458673055
48 1 261336.542408867
49 1 -284425.131959837
50 1 93590.643817406
51 1 26383.795553257
52 1 76379.460916577
53 1 502856.141592361
54 1 -49943.825072081
55 1 -241699.044660894
56 1 78114.146877454
57 1 -2950.098563372
58 1 133895.411896089
59 1 968669.768650468
60 1 -125399.586917400
1 2 -35729486.578430429
2 2 374348478.761444211
3 2 -18505193.390959166
4 2 390968228.132724822
5 2 14779433.249180002
6 2 -44836411.524923988
7 2 82875.747677008
8 2 -474305.422224021
9 2 32413.275879003
10 2 -4563607.036159019
11 2 -236287.712810588
12 2 100353.662232080
13 2 115314.755447293
14 2 -699273.465606559
15 2 9986.661025199
16 2 -8817807.892504057
17 2 -702648.825328317
18 2 -773997.808396053
19 2 81518.242430519
20 2 -618250.896703203
21 2 -11612.165757166
22 2 -1575313.405467803
23 2 -94113.685060347
24 2 41269.528900929
25 2 75625.557942092
26 2 -536224.232131342
27 2 16591.063977934
28 2 -1708031.409239845
29 2 -87720.516452629
30 2 -74873.382950395
31 2 61841.022266640
32 2 -629702.692164493
33 2 18594.459068305
34 2 -2626268.479784591
35 2 -22583.403138738
36 2 405256.570434599
37 2 40922.440344123
38 2 -563857.855097127
39 2 7364.382815728
40 2 -2951334.114424739
41 2 71571.036562778
42 2 -102734.492496739
43 2 31977.356761439
44 2 -508302.293079058
45 2 15221.008522264
46 2 -1471912.335852356
47 2 76370.667389916
48 2 160477.827844329
49 2 29853.704064901
50 2 -414904.235090816
51 2 32050.175912641
52 2 -596352.893553697
53 2 24865.444148045
54 2 36739.774295791
55 2 10999.618115504
56 2 -333412.959527465
57 2 32318.649266151
58 2 -1010270.293572397
59 2 81666.258774272
60 2 -178550.331672354
1 3 -40522579.971822292
2 3 -18505193.390959166
3 3 147841120.637253553
4 3 1883709.868394023
5 3 26950902.802221578
6 3 100979.598969406
7 3 29783.762335781
8 3 5963.248808697
9 3 -64284.528622330
10 3 -548626.314283567
11 3 -265226.918052072
12 3 6318.335561533
13 3 -5420.976677430
14 3 -40285.352574081
15 3 -90926.965749814
16 3 -1526245.372508821
17 3 -202046.720922197
18 3 -128537.141555569
19 3 12287.453927845
20 3 -53890.301893315
21 3 -83094.401892868
22 3 -299126.429962877
23 3 5565.771217330
24 3 5306.807814238
25 3 13680.119276045
26 3 -18841.059855611
27 3 -68659.928238475
28 3 -179869.154119443
29 3 74642.211889700
30 3 -21190.201658301
31 3 3774.523473785
32 3 -16424.889585901
33 3 -75560.878307198
34 3 -323935.203581234
35 3 5055.137189349
36 3 59307.996321606
37 3 -9393.706718703
38 3 -22513.404786799
39 3 -67348.904837463
40 3 -474703.125200830
41 3 298114.763940817
42 3 14636.726277538
43 3 7130.848022553
44 3 -14109.489091119
45 3 -65998.324788417
46 3 -233694.628675771
47 3 65581.155734435
48 3 27496.303663458
49 3 10618.845624529
50 3 6556.899594456
51 3 -57112.143092151
52 3 -3515.331741888
53 3 28110.312553794
54 3 -2042.011306370
55 3 18669.906226854
56 3 12510.756356425
57 3 -43550.679410460
58 3 46239.006833986
59 3 -18336.608707870
60 3 14801.128455225
1 4 -14880412.848149344
2 4 390968228.132724822
3 4 1883709.868394022
4 4 1514485895.594170570
5 4 16430658.942921113
6 4 -44997565.500938572
7 4 138647.047062655
8 4 -2078465.181794136
9 4 80141.549007930
10 4 -157359121.491148800
11 4 -7928584.153283528
12 4 -1423308.404750250
13 4 199742.441611746
14 4 -2324000.924894759
15 4 -72655.000245484
16 4 -219000871.104373932
17 4 -17715571.916568041
18 4 -21367833.747252058
19 4 81933.515904252
20 4 -1366039.932626021
21 4 -169237.380901686
22 4 -5633214.606794883
23 4 -230752.354181196
24 4 96728.232693476
25 4 47901.999554559
26 4 -1114006.140780630
27 4 2567.583992738
28 4 -12450065.324296452
29 4 -433593.187587518
30 4 -1930032.841300008
31 4 17553.402986243
32 4 -1559860.263225614
33 4 -43825.909714812
34 4 -20353577.069134880
35 4 -11864.671489345
36 4 4157777.107414063
37 4 -38235.793081627
38 4 -1489744.149125761
39 4 -141717.984856747
40 4 -25725157.147524640
41 4 1288210.247432316
42 4 -1517293.168874439
43 4 -43257.138116805
44 4 -1031431.224387500
45 4 -101972.193081830
46 4 -8106151.836947739
47 4 680998.437292623
48 4 534516.689675787
49 4 -18203.964022534
50 4 -547935.842236229
51 4 27413.175354151
52 4 -1025875.463784636
53 4 82890.252668537
54 4 -73395.700481921
55 4 -61112.175249209
56 4 -672558.650481192
57 4 58791.265516452
58 4 -6215059.204044796
59 4 596379.248857733
60 4 -1668330.439732947
1 5 -363551821.871993184
2 5 14779433.249180002
3 5 26950902.802221578
4 5 16430658.942921111
5 5 1496702589.445908785
6 5 177529028.723639369
7 5 1887125.741183119
8 5 -31971.623537201
9 5 -61371.225931392
10 5 52273.239477814
11 5 -152611519.465666980
12 5 7917537.436270779
13 5 2232703.386968672
14 5 -24412.242629222
15 5 180915.532460689
16 5 -2375227.860923010
17 5 -214760298.574989766
18 5 6351971.364289219
19 5 1398726.498929363
20 5 38366.205079489
21 5 -5290.199594688
22 5 261366.489970901
23 5 -5884872.068289069
24 5 -1314939.458293898
25 5 1070833.023285083
26 5 6437.645492166
27 5 17629.780257133
28 5 89301.349198726
29 5 -12186141.849999135
30 5 1773717.121659873
31 5 1425083.900347221
32 5 -9102.305470878
33 5 -163691.529251202
34 5 183472.406987859
35 5 -20506372.667689133
36 5 -1277397.937922325
37 5 1417631.032113540
38 5 -105687.017173678
39 5 42349.915417818
40 5 -1504351.917559823
41 5 -25614841.085534967
42 5 -4898589.631679193
43 5 975631.572769855
44 5 -105482.481574238
45 5 -69101.376117376
46 5 -658370.540405403
47 5 -8117791.420689137
48 5 -2473985.705847624
49 5 453062.259905422
50 5 -73736.687603542
51 5 2110.764968254
52 5 -98727.571830999
53 5 -955980.644117896
54 5 22752.324768460
55 5 600586.182974434
56 5 -80920.641378872
57 5 95628.854343451
58 5 -710775.488781173
59 5 -6426736.251460343
60 5 844895.494575863
1 6 5134372.340330028
2 6 -44836411.524923988
3 6 100979.598969406
4 6 -44997565.500938602
5 6 177529028.723639369
6 6 272946054.194955230
7 6 149722.704113160
8 6 166997.643614813
9 6 -8093.771376748
10 6 8161930.297646366
11 6 -21873853.756153591
12 6 -468170.499301968
13 6 332672.585982735
14 6 -13999.355066342
15 6 23148.315155189
16 6 4469540.776299195
17 6 -39424738.051010691
18 6 -78919.920242492
19 6 295592.679157435
20 6 25201.322690401
21 6 -4202.588333019
22 6 37376.828696650
23 6 -1609150.420573861
24 6 -876885.501184234
25 6 120465.703713856
26 6 3162.379825286
27 6 4057.684385232
28 6 -993223.044783461
29 6 -1448968.661984404
30 6 -466865.002604739
31 6 138122.781073485
32 6 -12729.555746473
33 6 -23709.697164081
34 6 293207.831377568
35 6 -3210325.019362195
36 6 -752305.403713257
37 6 193264.118513296
38 6 -113921.334156780
39 6 -4647.212064956
40 6 -2933949.004261834
41 6 -5068050.419441734
42 6 -1552476.953547519
43 6 123347.482831315
44 6 15255.421988954
45 6 -13203.183582405
46 6 -519581.363246833
47 6 -2012334.620973002
48 6 -1311341.708296204
49 6 -18678.148139852
50 6 13481.276268195
51 6 1755.515506047
52 6 -129312.871612429
53 6 -34825.924904378
54 6 -236736.185417405
