# name: debug
# type: sparse matrix
# nnz: 2304
# rows: 48
# columns: 48

1 1 87691544.614805937
2 1 10147489.864596156
3 1 -5946550.968281429
4 1 14455122.394657429
5 1 -116293972.449451074
6 1 -10484410.899390765
7 1 -17999940.061801057
8 1 1986748.278417914
9 1 2484679.850921681
10 1 2758228.558026062
11 1 21795899.393064383
12 1 1129615.129982897
13 1 -14575243.256239064
14 1 969227.264711061
15 1 2178202.270645813
16 1 1528972.909653818
17 1 17779511.601989295
18 1 1107648.349458290
19 1 -13384495.562552577
20 1 -432790.256169787
21 1 2513538.252645975
22 1 -571795.586941380
23 1 16707137.613683410
24 1 697751.836481394
25 1 -14659951.300199436
26 1 -2699149.864223252
27 1 2800969.210835666
28 1 -3646361.934000190
29 1 19861974.700220969
30 1 1348323.966259626
31 1 -11608165.064114915
32 1 -3543215.946389213
33 1 2075418.514054120
34 1 -5709940.947603581
35 1 19138432.622142598
36 1 1378123.957823491
37 1 -9890895.332579948
38 1 -3748010.711303753
39 1 1483218.655547319
40 1 -4597577.010826752
41 1 12939356.577319764
42 1 1762617.755784153
43 1 -7036677.945321853
44 1 -2692376.485362192
45 1 659164.562388740
46 1 -3392009.794566693
47 1 9301926.614373649
48 1 1082977.665138217
1 2 10147489.864589799
2 2 67047924.493403628
3 2 4553951.977043121
4 2 81352839.804047316
5 2 -14998272.460843377
6 2 -4920281.873793262
7 2 2712118.027750912
8 2 -27259207.880786460
9 2 -1631984.611387773
10 2 -32051177.928624120
11 2 -3698742.710876389
12 2 2646708.896049085
13 2 2772939.936086833
14 2 -20044703.286261335
15 2 -1678835.517493634
16 2 -23774409.664510436
17 2 -3852745.572154210
18 2 2721061.674316817
19 2 548944.640278924
20 2 -14138237.584079079
21 2 -394051.212925537
22 2 -16341419.363176521
23 2 -647862.917723769
24 2 2375197.509547498
25 2 -3099684.665396585
26 2 -8628632.173655873
27 2 470112.870969029
28 2 -10863851.317373581
29 2 4350746.817030850
30 2 1775376.064575408
31 2 -3411138.935894747
32 2 -2579158.641561835
33 2 600444.301369440
34 2 -3879349.496829717
35 2 6023496.779105755
36 2 245915.638556864
37 2 -4441444.218991775
38 2 2459799.905507139
39 2 1059974.712167335
40 2 3202783.325394111
41 2 5933147.964162865
42 2 -415051.421925793
43 2 -3057482.830041749
44 2 2889623.041105725
45 2 723553.343104602
46 2 3833936.192970272
47 2 4155983.510327628
48 2 -423222.597511127
1 3 -5946550.968282546
2 3 4553951.977042028
3 3 4645440.635861733
4 3 5101733.504360933
5 3 7923955.561823770
6 3 543150.066159432
7 3 2009445.834733989
8 3 -1839613.981934856
9 3 -1651893.938403595
10 3 -2367934.109097164
11 3 -1525587.140382971
12 3 219367.874945009
13 3 1504216.493345814
14 3 -1980449.155699853
15 3 -1007017.505192033
16 3 -2321746.196442822
17 3 -1625029.210677447
18 3 246296.891112880
19 3 1334837.804642747
20 3 -964600.491651932
21 3 -854451.036609898
22 3 -1102828.146853299
23 3 -1627417.376894487
24 3 160003.676591388
25 3 865650.388520399
26 3 -489629.012817655
27 3 -580846.528055648
28 3 -664404.555453078
29 3 -1126538.950988479
30 3 17135.212410659
31 3 428744.150512056
32 3 -35856.770949122
33 3 -370243.424592789
34 3 529463.253385755
35 3 -2424349.425431409
36 3 -313246.902793665
37 3 -26873.414832492
38 3 443264.290627890
39 3 -232406.759914571
40 3 565174.030415334
41 3 -74284.910323321
42 3 -193970.121499068
43 3 -236612.130371228
44 3 267749.891302729
45 3 -135675.910883994
46 3 379060.192811624
47 3 189137.660291922
48 3 -144077.444386716
1 4 14455122.394650439
2 4 81352839.804004878
3 4 5101733.504370527
4 4 129796741.670284346
5 4 -38077387.127061181
6 4 -5339343.509869436
7 4 3589130.117785651
8 4 -32543848.918633554
9 4 -2180237.808848402
10 4 -58420692.536581039
11 4 -6141012.892298434
12 4 1846702.988814665
13 4 3752071.049007818
14 4 -24319295.612240337
15 4 -2045455.871005649
16 4 -31230083.680442035
17 4 -5235900.691316905
18 4 3195720.638020088
19 4 675565.578931767
20 4 -16846498.089227892
21 4 -513791.362110316
22 4 -21288186.157425389
23 4 -713396.719882245
24 4 2995750.082921446
25 4 -4250260.681774851
26 4 -11303023.946058217
27 4 506612.997374360
28 4 -15628276.597811429
29 4 8173153.869858214
30 4 2444088.832914774
31 4 -6032876.121430337
32 4 -4037167.126705294
33 4 1140228.784789643
34 4 -10823865.454780191
35 4 24475962.122367330
36 4 1525093.905525729
37 4 -5781013.501103115
38 4 3272422.870549164
39 4 1369483.689471520
40 4 4293626.614494531
41 4 7877276.156347358
42 4 -564553.181212470
43 4 -4050018.087749655
44 4 3892184.864334248
45 4 994097.596141312
46 4 5225291.672249270
47 4 5660557.075245912
48 4 -572626.331673913
1 5 -116293972.449440822
2 5 -14998272.460814321
3 5 7923955.561817716
4 5 -38077387.126979947
5 5 227305879.914972335
6 5 20005262.491422608
7 5 22028976.079466529
8 5 -2908766.346926271
9 5 -2046707.531684426
10 5 -4955553.968099159
11 5 -42747513.669426702
12 5 -2560809.207436197
13 5 17930552.938703056
14 5 -1618011.202726292
15 5 -2394867.079145891
16 5 -2303909.558882712
17 5 -23731987.195095222
18 5 -1269656.323613535
19 5 16807503.719206963
20 5 576202.604736972
21 5 -3025827.667729784
22 5 959330.482724374
23 5 -22818320.448700331
24 5 -847230.625950344
25 5 20043962.848171961
26 5 3993069.563456209
27 5 -3569402.456968736
28 5 8138521.782915009
29 5 -32667978.751517046
30 5 -1833711.375764755
31 5 20205415.891298275
32 5 6479072.522089645
33 5 -3888720.330601286
34 5 24188019.939983144
35 5 -76905495.755836651
36 5 -6137861.853675460
37 5 13008398.790986376
38 5 5005211.376900876
39 5 -1969501.905914217
40 5 6274979.976558905
41 5 -17382317.310304437
42 5 -2358159.556639466
43 5 9447306.424275102
44 5 3655435.936063648
45 5 -929645.670759617
46 5 4732352.386156525
47 5 -12856004.336817352
48 5 -1455092.808247987
1 6 -10484410.899401231
2 6 -4920281.873796359
3 6 543150.066159445
4 6 -5339343.509859678
5 6 20005262.491431314
6 6 7433938.398366654
7 6 1424057.536523925
8 6 1740183.518958862
9 6 49711.081130459
10 6 69711.799890933
11 6 -3109293.870833373
12 6 -2280384.822734637
13 6 1570499.276264244
14 6 1458743.320987777
15 6 -19278.850139516
16 6 1427975.639134333
17 6 -1924529.336033552
18 6 -1392927.728484115
19 6 1367828.581004570
20 6 1038411.449914336
21 6 -173024.862338173
22 6 1174616.522729910
23 6 -1765184.064741220
24 6 -993078.467831252
25 6 2283982.762503115
26 6 773235.985346366
27 6 -494336.720094119
28 6 1094579.186272746
29 6 -3216425.092070716
30 6 -840205.948418336
31 6 1888939.450916992
32 6 10775.002953045
33 6 -458982.106095617
34 6 1257148.955812983
35 6 -7474714.973910115
36 6 -1208916.157459374
37 6 1450996.616705964
38 6 -23314.701784594
39 6 -333005.987058844
40 6 -67489.357707750
41 6 -1939768.947201578
42 6 -158130.117938467
43 6 541289.922061069
44 6 -94014.957226959
45 6 -154227.374963866
46 6 -154830.204032632
47 6 -719065.681781744
48 6 -101188.728578662
1 7 -17999940.061801057
2 7 2712118.027750912
3 7 2009445.834733989
4 7 3589130.117785651
5 7 22028976.079466529
6 7 1424057.536523925
7 7 97479418.200074837
8 7 11260207.425548727
9 7 -9000059.935063558
10 7 17243436.781150132
11 7 -135468443.988909870
12 7 -11111092.527577419
13 7 -17404237.212620236
14 7 1577167.416620366
15 7 2128198.217079460
16 7 2113384.402167650
17 7 20399631.758733898
18 7 1203169.660326897
19 7 -16336763.903429199
20 7 -483849.363855377
21 7 2672468.345905771
22 7 -2615741.563571470
23 7 29050419.897528213
24 7 2049616.196189289
25 7 -15860806.982797734
26 7 -2890440.585916702
27 7 2687483.814349237
28 7 -3861319.372970370
29 7 21611162.786193784
30 7 1201595.695041264
31 7 -12795367.249866407
32 7 -3064211.251604689
33 7 2563617.147086272
34 7 -3816022.761295220
35 7 17690470.355582923
36 7 1486576.261097728
37 7 -11087235.666430645
38 7 -4170566.455209740
39 7 1718680.267579077
40 7 -5606908.608412080
41 7 16402475.897915201
42 7 1730550.294708096
43 7 -7088843.970754725
44 7 -2775918.775344815
45 7 721120.921857120
46 7 -3543178.274460337
47 7 9751321.147400944
48 7 929224.874450704
1 8 1986748.278417914
2 8 -27259207.880786460
3 8 -1839613.981934856
4 8 -32543848.918633554
