# name: debug
# type: sparse matrix
# nnz: 1296
# rows: 36
# columns: 36

1 1 78762408.316569671
2 1 364355.671009119
3 1 -17122786.854337133
4 1 -1033214.252118887
5 1 -36308021.726197571
6 1 3221269.373656674
7 1 -414285.069236071
8 1 76533.176259777
9 1 43541.626562693
10 1 279465.456886238
11 1 1226693.663321412
12 1 -125470.222481829
13 1 -261682.007361444
14 1 54178.510526391
15 1 -6565.014618227
16 1 21442.752022439
17 1 133140.651624825
18 1 -10446.754214361
19 1 -97311.553597576
20 1 3644.265518118
21 1 -3862.986676963
22 1 2872.979270349
23 1 40395.541688063
24 1 -11687.749676988
25 1 -62177.713667523
26 1 -6592.977550006
27 1 -13524.349529367
28 1 -863.292825134
29 1 23693.050964903
30 1 -5023.542711451
31 1 -51414.948089470
32 1 -7476.846661334
33 1 -15842.727808764
34 1 -1213.476181310
35 1 19310.376296024
36 1 -4512.213535188
1 2 364355.671009119
2 2 100198342.923476800
3 2 -284200.604359304
4 2 41069141.300864108
5 2 1123035.105234766
6 2 -10309019.939621165
7 2 73592.385319256
8 2 -594104.411579094
9 2 79106.064638606
10 2 -1559997.571754177
11 2 -391717.054090515
12 2 100723.184511131
13 2 39320.439344491
14 2 -356769.750670529
15 2 58891.523513358
16 2 -170649.196210714
17 2 -12402.866034442
18 2 8356.050710102
19 2 -9105.449409137
20 2 -129629.772210541
21 2 29931.680150753
22 2 -56882.875334903
23 2 3990.668004050
24 2 3983.667716568
25 2 -13763.701556614
26 2 -87191.494442402
27 2 12180.724910708
28 2 -32908.025181222
29 2 4165.640852224
30 2 -4997.416359140
31 2 -15299.176207834
32 2 -82979.266090994
33 2 11049.205598634
34 2 -30628.472843558
35 2 4849.681722602
36 2 -7605.444615862
1 3 -17122786.854337133
2 3 -284200.604359304
3 3 20583681.855554760
4 3 -2046628.319818093
5 3 8519399.415302601
6 3 -89820.853115879
7 3 136788.311999959
8 3 -2463.705712478
9 3 -69664.192069569
10 3 -859085.544610664
11 3 -977281.196394103
12 3 79472.287745808
13 3 92879.719366156
14 3 -22520.609388759
15 3 -36294.505803079
16 3 -8259.848988521
17 3 -41024.548271165
18 3 3922.815899979
19 3 42842.662876784
20 3 -8526.588291928
21 3 -5684.309822360
22 3 -1960.160103755
23 3 -18560.581323937
24 3 5737.421431800
25 3 24729.360438139
26 3 -10118.775930064
27 3 34.210218759
28 3 -3047.665876432
29 3 -9515.339304256
30 3 1640.236867110
31 3 25708.624161348
32 3 -11824.625516067
33 3 4256.101095790
34 3 -3680.345716915
35 3 -10084.149955346
36 3 1419.128726828
1 4 -1033214.252118887
2 4 41069141.300864108
3 4 -2046628.319818093
4 4 36362336.221321575
5 4 2921942.514577749
6 4 -9131443.843331125
7 4 95082.356892553
8 4 -386321.819740042
9 4 49947.313884314
10 4 -7149113.308200207
11 4 -3444256.577630257
12 4 305793.315139888
13 4 15901.228595425
14 4 -144046.795207026
15 4 21626.348501064
16 4 -73474.867379115
17 4 -3372.646679483
18 4 -6505.747122153
19 4 -2629.104046345
20 4 -41416.826189352
21 4 10836.597888799
22 4 -18962.195700191
23 4 1304.488861835
24 4 726.087886798
25 4 -3193.338243035
26 4 -24907.196074525
27 4 4213.871122563
28 4 -9715.610817893
29 4 932.621036828
30 4 -1977.334308658
31 4 -3004.360481716
32 4 -21348.397542472
33 4 3575.897184207
34 4 -8068.765035736
35 4 948.215312600
36 4 -2129.789600224
1 5 -36308021.726197571
2 5 1123035.105234766
3 5 8519399.415302599
4 5 2921942.514577744
5 5 37550635.209811427
6 5 -3793724.144195969
7 5 339739.223015126
8 5 -100301.361282772
9 5 -23011.643681260
10 5 -3430754.556679321
11 5 -6715970.264996349
12 5 508100.975832686
13 5 123871.853253378
14 5 -23735.542309872
15 5 2433.516738435
16 5 -7406.061650184
17 5 -66876.727082750
18 5 5950.998475361
19 5 39300.032385108
20 5 -3025.930158268
21 5 224.520072291
22 5 -1489.707302447
23 5 -17099.251093750
24 5 5637.532234199
25 5 21247.648735509
26 5 507.794616755
27 5 3917.616516217
28 5 -269.472828345
29 5 -8538.161579280
30 5 2245.067262151
31 5 16982.103187440
32 5 300.411829402
33 5 4320.558581152
34 5 -278.862795618
35 5 -6725.513482292
36 5 1823.139969173
1 6 3221269.373656674
2 6 -10309019.939621165
3 6 -89820.853115879
4 6 -9131443.843331125
5 6 -3793724.144195972
6 6 14992697.892588776
7 6 -12948.952896821
8 6 157680.616344140
9 6 -15846.322768003
10 6 3092413.398443933
11 6 -1171132.086096396
12 6 24848.196888783
13 6 1479.819912421
14 6 46223.466034948
15 6 -7014.798770601
16 6 22339.072999490
17 6 -4946.243999942
18 6 -22689.395024248
19 6 901.164349515
20 6 21861.249344774
21 6 -5627.939448121
22 6 10115.376063283
23 6 -329.421535835
24 6 -2104.716629801
25 6 3425.155296218
26 6 11610.700636917
27 6 -1711.482569321
28 6 4819.436319228
29 6 -1151.425676947
30 6 -289.073613542
31 6 4162.542791099
32 6 12243.978368043
33 6 -1769.137768425
34 6 5222.378244685
35 6 -1446.675722946
36 6 595.704041655
1 7 -414285.069236071
2 7 73592.385319256
3 7 136788.311999959
4 7 95082.356892553
5 7 339739.223015126
6 7 -12948.952896821
7 7 91789823.338636696
8 7 830576.829231954
9 7 -16465479.484200168
10 7 -303714.520417280
11 7 -35127735.452593997
12 7 1377161.624891100
13 7 -460689.948803103
14 7 104157.867442531
15 7 24809.581282283
16 7 41698.693485862
17 7 225610.599402847
18 7 -67508.523906844
19 7 -276175.017070325
20 7 10312.433874175
21 7 -2512.367957461
22 7 -5946.374273201
23 7 149513.683770033
24 7 -9052.227339482
25 7 -199328.201729459
26 7 -6465.479821438
27 7 -70654.294551488
28 7 12987.145697795
29 7 242063.666899244
30 7 -35129.562781278
31 7 -118756.401666899
32 7 -11162.485343433
33 7 -43196.713197919
34 7 -297632.615428148
35 7 439297.592433855
36 7 150184.969557600
1 8 76533.176259777
2 8 -594104.411579094
3 8 -2463.705712478
4 8 -386321.819740042
5 8 -100301.361282772
6 8 157680.616344140
7 8 830576.829231955
8 8 103948977.257204443
9 8 1072572.507949962
10 8 37644958.696107991
11 8 296116.819554656
12 8 -10422933.146532405
13 8 98688.762520899
14 8 -599732.184188469
15 8 105546.589664630
16 8 -281399.106548107
17 8 -33458.005768725
18 8 64243.322563503
19 8 -11384.668362343
20 8 -353407.020947076
21 8 53162.440887870
22 8 -183738.952867245
23 8 20813.994453853
24 8 42602.351264605
25 8 -25431.409196038
26 8 -263166.376978384
27 8 28405.742926585
28 8 -228833.179641553
29 8 15096.484665377
30 8 -137618.555597388
31 8 -22540.752514126
32 8 -176452.692625267
33 8 16475.658429790
34 8 -673469.302829551
35 8 278439.114417150
36 8 334857.283726347
1 9 43541.626562693
2 9 79106.064638606
3 9 -69664.192069569
4 9 49947.313884314
5 9 -23011.643681260
6 9 -15846.322768003
7 9 -16465479.484200168
8 9 1072572.507949962
9 9 17722749.046206620
10 9 -1453382.527050549
11 9 7417973.180938615
12 9 7597.700862627
13 9 112443.479039730
14 9 27483.825231541
15 9 -75895.054002854
16 9 23997.045981458
17 9 -57021.821912682
18 9 12148.051568414
19 9 86863.357272284
20 9 -19196.734249281
21 9 -32915.119660666
22 9 -16073.826859703
23 9 -52841.429296768
24 9 7242.698819298
25 9 54558.928480212
26 9 -41599.368424916
27 9 2657.434477742
28 9 -57373.734400727
29 9 -62372.585253171
30 9 -30947.565160186
31 9 39301.920416979
32 9 -23785.730309953
33 9 -271.254489082
34 9 -89069.765565340
35 9 -245749.908989842
36 9 61204.731958390
1 10 279465.456886238
2 10 -1559997.571754177
3 10 -859085.544610664
4 10 -7149113.308200207
5 10 -3430754.556679321
6 10 3092413.398443933
7 10 -303714.520417275
8 10 37644958.696108013
9 10 -1453382.527050549
10 10 29398297.393268593
11 10 3316766.876419805
12 10 -4421793.629003515
13 10 31700.450748631
14 10 -252629.275308147
15 10 51690.060752502
16 10 -127248.383146431
17 10 -7657.774650649
18 10 17141.168362289
19 10 -6843.556523845
20 10 -136792.116859487
21 10 15747.373607306
22 10 -97595.478990378
23 10 9145.675918956
24 10 19151.340276639
25 10 -11874.366625370
26 10 -162982.784597065
27 10 20734.949354965
28 10 -241026.005611093
29 10 -4087.990920810
30 10 -181085.039578467
31 10 -5670.623800688
32 10 -50449.892524873
33 10 5766.482616231
34 10 -666601.711713477
35 10 125713.817050606
36 10 376175.629968952
1 11 1226693.663321412
2 11 -391717.054090515
3 11 -977281.196394103
4 11 -3444256.577630257
5 11 -6715970.264996349
