# name: debug
# type: sparse matrix
# nnz: 1296
# rows: 36
# columns: 36

1 1 78762408.316569671
2 1 364355.671009119
3 1 -17122786.854337133
4 1 -1033214.252118887
5 1 -36308021.726197571
6 1 3221269.373656674
7 1 -414285.069236071
8 1 76533.176259777
9 1 43541.626562693
10 1 279465.456886238
11 1 1226693.663321412
12 1 -125470.222481829
13 1 -261682.007361444
14 1 54178.510526391
15 1 -6565.014618227
16 1 21442.752022439
17 1 133140.651624825
18 1 -10446.754214361
19 1 -97311.553597576
20 1 3644.265518118
21 1 -3862.986676963
22 1 2872.979270349
23 1 40395.541688063
24 1 -11687.749676988
25 1 -62177.713667523
26 1 -6592.977550006
27 1 -13524.349529367
28 1 -863.292825134
29 1 23693.050964903
30 1 -5023.542711451
31 1 -51414.948089470
32 1 -7476.846661334
33 1 -15842.727808764
34 1 -1213.476181310
35 1 19310.376296024
36 1 -4512.213535188
1 2 364355.671009119
2 2 100198342.923476800
3 2 -284200.604359304
4 2 41069141.300864108
5 2 1123035.105234766
6 2 -10309019.939621165
7 2 73592.385319256
8 2 -594104.411579094
9 2 79106.064638606
10 2 -1559997.571754177
11 2 -391717.054090515
12 2 100723.184511131
13 2 39320.439344491
14 2 -356769.750670529
15 2 58891.523513358
16 2 -170649.196210714
17 2 -12402.866034442
18 2 8356.050710102
19 2 -9105.449409137
20 2 -129629.772210541
21 2 29931.680150753
22 2 -56882.875334903
23 2 3990.668004050
24 2 3983.667716568
25 2 -13763.701556614
26 2 -87191.494442402
27 2 12180.724910708
28 2 -32908.025181222
29 2 4165.640852224
30 2 -4997.416359140
31 2 -15299.176207834
32 2 -82979.266090994
33 2 11049.205598634
34 2 -30628.472843558
35 2 4849.681722602
36 2 -7605.444615862
1 3 -17122786.854337133
2 3 -284200.604359304
3 3 20583681.855554760
4 3 -2046628.319818093
5 3 8519399.415302601
6 3 -89820.853115879
7 3 136788.311999959
8 3 -2463.705712478
9 3 -69664.192069569
10 3 -859085.544610664
11 3 -977281.196394103
12 3 79472.287745808
13 3 92879.719366156
14 3 -22520.609388759
15 3 -36294.505803079
16 3 -8259.848988521
17 3 -41024.548271165
18 3 3922.815899979
19 3 42842.662876784
20 3 -8526.588291928
21 3 -5684.309822360
22 3 -1960.160103755
23 3 -18560.581323937
24 3 5737.421431800
25 3 24729.360438139
26 3 -10118.775930064
27 3 34.210218759
28 3 -3047.665876432
29 3 -9515.339304256
30 3 1640.236867110
31 3 25708.624161348
32 3 -11824.625516067
33 3 4256.101095790
34 3 -3680.345716915
35 3 -10084.149955346
36 3 1419.128726828
1 4 -1033214.252118887
2 4 41069141.300864108
3 4 -2046628.319818093
4 4 36362336.221321575
5 4 2921942.514577749
6 4 -9131443.843331125
7 4 95082.356892553
8 4 -386321.819740042
9 4 49947.313884314
10 4 -7149113.308200207
11 4 -3444256.577630257
12 4 305793.315139888
13 4 15901.228595425
14 4 -144046.795207026
15 4 21626.348501064
16 4 -73474.867379115
17 4 -3372.646679483
18 4 -6505.747122153
19 4 -2629.104046345
20 4 -41416.826189352
21 4 10836.597888799
22 4 -18962.195700191
23 4 1304.488861835
24 4 726.087886798
25 4 -3193.338243035
26 4 -24907.196074525
27 4 4213.871122563
28 4 -9715.610817893
29 4 932.621036828
30 4 -1977.334308658
31 4 -3004.360481716
32 4 -21348.397542472
33 4 3575.897184207
34 4 -8068.765035736
35 4 948.215312600
36 4 -2129.789600224
1 5 -36308021.726197571
2 5 1123035.105234766
3 5 8519399.415302599
4 5 2921942.514577744
5 5 37550635.209811427
6 5 -3793724.144195969
7 5 339739.223015126
8 5 -100301.361282772
9 5 -23011.643681260
10 5 -3430754.556679321
11 5 -6715970.264996349
12 5 508100.975832686
13 5 123871.853253378
14 5 -23735.542309872
15 5 2433.516738435
16 5 -7406.061650184
17 5 -66876.727082750
18 5 5950.998475361
19 5 39300.032385108
20 5 -3025.930158268
21 5 224.520072291
22 5 -1489.707302447
23 5 -17099.251093750
24 5 5637.532234199
25 5 21247.648735509
26 5 507.794616755
27 5 3917.616516217
28 5 -269.472828345
29 5 -8538.161579280
30 5 2245.067262151
31 5 16982.103187440
32 5 300.411829402
33 5 4320.558581152
34 5 -278.862795618
35 5 -6725.513482292
36 5 1823.139969173
1 6 3221269.373656674
2 6 -10309019.939621165
3 6 -89820.853115879
4 6 -9131443.843331125
5 6 -3793724.144195972
6 6 14992697.892588776
7 6 -12948.952896821
8 6 157680.616344140
9 6 -15846.322768003
10 6 3092413.398443933
11 6 -1171132.086096396
12 6 24848.196888783
13 6 1479.819912421
14 6 46223.466034948
15 6 -7014.798770601
16 6 22339.072999490
17 6 -4946.243999942
18 6 -22689.395024248
19 6 901.164349515
20 6 21861.249344774
21 6 -5627.939448121
22 6 10115.376063283
23 6 -329.421535835
24 6 -2104.716629801
25 6 3425.155296218
26 6 11610.700636917
27 6 -1711.482569321
28 6 4819.436319228
29 6 -1151.425676947
30 6 -289.073613542
31 6 4162.542791099
32 6 12243.978368043
33 6 -1769.137768425
34 6 5222.378244685
35 6 -1446.675722946
36 6 595.704041655
1 7 -414285.069236071
2 7 73592.385319256
3 7 136788.311999959
4 7 95082.356892553
5 7 339739.223015126
6 7 -12948.952896821
7 7 91789823.338636696
8 7 830576.829231954
9 7 -16465479.484200168
10 7 -303714.520417280
11 7 -35127735.452593997
12 7 1377161.624891100
13 7 -460689.948803103
14 7 104157.867442531
15 7 24809.581282283
16 7 41698.693485862
17 7 225610.599402847
18 7 -67508.523906844
19 7 -276175.017070325
20 7 10312.433874175
21 7 -2512.367957461
22 7 -5946.374273201
23 7 149513.683770033
24 7 -9052.227339482
25 7 -199328.201729459
26 7 -6465.479821438
27 7 -70654.294551488
28 7 12987.145697795
29 7 242063.666899244
30 7 -35129.562781278
31 7 -118756.401666899
32 7 -11162.485343433
33 7 -43196.713197919
34 7 -297632.615428148
35 7 439297.592433855
36 7 150184.969557600
1 8 76533.176259777
2 8 -594104.411579094
3 8 -2463.705712478
4 8 -386321.819740042
5 8 -100301.361282772
6 8 157680.616344140
7 8 830576.829231955
8 8 103948977.257204443
9 8 1072572.507949962
10 8 37644958.696107991
11 8 296116.819554656
12 8 -10422933.146532405
13 8 98688.762520899
14 8 -599732.184188469
15 8 105546.589664630
16 8 -281399.106548107
17 8 -33458.005768725
18 8 64243.322563503
19 8 -11384.668362343
20 8 -353407.020947076
21 8 53162.440887870
22 8 -183738.952867245
23 8 20813.994453853
24 8 42602.351264605
25 8 -25431.409196038
26 8 -263166.376978384
27 8 28405.742926585
28 8 -228833.179641553
29 8 15096.484665377
30 8 -137618.555597388
31 8 -22540.752514126
32 8 -176452.692625267
33 8 16475.658429790
34 8 -673469.302829551
35 8 278439.114417150
36 8 334857.283726347
1 9 43541.626562693
2 9 79106.064638606
3 9 -69664.192069569
4 9 49947.313884314
5 9 -23011.643681260
6 9 -15846.322768003
7 9 -16465479.484200168
8 9 1072572.507949962
9 9 17722749.046206620
10 9 -1453382.527050549
11 9 7417973.180938615
12 9 7597.700862627
13 9 112443.479039730
14 9 27483.825231541
15 9 -75895.054002854
16 9 23997.045981458
17 9 -57021.821912682
18 9 12148.051568414
19 9 86863.357272284
20 9 -19196.734249281
21 9 -32915.119660666
22 9 -16073.826859703
23 9 -52841.429296768
24 9 7242.698819298
25 9 54558.928480212
26 9 -41599.368424916
27 9 2657.434477742
28 9 -57373.734400727
29 9 -62372.585253171
30 9 -30947.565160186
31 9 39301.920416979
32 9 -23785.730309953
33 9 -271.254489082
34 9 -89069.765565340
35 9 -245749.908989842
36 9 61204.731958390
1 10 279465.456886238
2 10 -1559997.571754177
3 10 -859085.544610664
4 10 -7149113.308200207
5 10 -3430754.556679321
6 10 3092413.398443933
7 10 -303714.520417275
8 10 37644958.696108013
9 10 -1453382.527050549
10 10 29398297.393268593
11 10 3316766.876419805
12 10 -4421793.629003515
13 10 31700.450748631
14 10 -252629.275308147
15 10 51690.060752502
16 10 -127248.383146431
17 10 -7657.774650649
18 10 17141.168362289
19 10 -6843.556523845
20 10 -136792.116859487
21 10 15747.373607306
22 10 -97595.478990378
23 10 9145.675918956
24 10 19151.340276639
25 10 -11874.366625370
26 10 -162982.784597065
27 10 20734.949354965
28 10 -241026.005611093
29 10 -4087.990920810
30 10 -181085.039578467
31 10 -5670.623800688
32 10 -50449.892524873
33 10 5766.482616231
34 10 -666601.711713477
35 10 125713.817050606
36 10 376175.629968952
1 11 1226693.663321412
2 11 -391717.054090515
3 11 -977281.196394103
4 11 -3444256.577630257
5 11 -6715970.264996349
6 11 -1171132.086096396
7 11 -35127735.452593997
8 11 296116.819554649
9 11 7417973.180938617
10 11 3316766.876419610
11 11 28425491.235835571
12 11 -1750015.641791800
13 11 223310.570164739
14 11 -38973.005876914
15 11 -18702.628522148
16 11 -12297.520008318
17 11 -116838.539514837
18 11 33314.705109390
19 11 129512.568061384
20 11 -5537.921017778
21 11 -7645.883998450
22 11 1190.937987957
23 11 -93696.948342199
24 11 -4778.522282029
25 11 123130.721391350
26 11 -4926.940340443
27 11 66922.892349219
28 11 -34104.707108674
29 11 -271427.274793079
30 11 28701.256075428
31 11 38411.987716401
32 11 1530.147954903
33 11 11752.969321965
34 11 206690.861133889
35 11 -629587.119308683
36 11 -90336.043799254
1 12 -125470.222481829
2 12 100723.184511131
3 12 79472.287745808
4 12 305793.315139888
5 12 508100.975832686
6 12 24848.196888783
7 12 1377161.624891100
8 12 -10422933.146532407
9 12 7597.700862627
10 12 -4421793.629003580
11 12 -1750015.641791796
12 12 7620500.500831095
13 12 -49843.280824364
14 12 91330.159160957
15 12 -12869.285758726
16 12 40639.572899868
17 12 20164.188310504
18 12 -46004.206746622
19 12 11988.534299409
20 12 71712.339558820
21 12 -7357.218688180
22 12 55444.432997233
23 12 -29796.019555811
24 12 -30032.935873854
25 12 29034.987485391
26 12 45102.681276974
27 12 12391.739637878
28 12 55893.015448072
29 12 -77947.474529352
30 12 50581.593151043
31 12 6381.680634146
32 12 17211.151417415
33 12 -1041.718327535
34 12 797894.301159610
35 12 -513504.792940334
36 12 -448513.508250979
1 13 -261682.007361444
2 13 39320.439344491
3 13 92879.719366156
4 13 15901.228595425
5 13 123871.853253378
6 13 1479.819912421
7 13 -460689.948803103
8 13 98688.762520899
9 13 112443.479039730
10 13 31700.450748631
11 13 223310.570164739
12 13 -49843.280824364
13 13 77851540.838924125
14 13 -4625413.804795385
15 13 -7505104.385063916
16 13 -1389443.565919139
17 13 -29995768.680527736
18 13 3674648.758006378
19 13 -360614.258884343
20 13 114680.630437397
21 13 2344.093626481
22 13 454774.374402269
23 13 887697.716380827
24 13 -184083.486422696
25 13 -236007.520470812
26 13 39961.672642843
27 13 -2603.517680268
28 13 -35993.308732313
29 13 234644.293087209
30 13 -19833.278874352
31 13 -157216.357362714
32 13 13351.905066924
33 13 -45302.216895403
34 13 7789.473329618
35 13 63494.354683262
36 13 -17113.282896696
1 14 54178.510526391
2 14 -356769.750670529
3 14 -22520.609388759
4 14 -144046.795207026
5 14 -23735.542309872
6 14 46223.466034948
7 14 104157.867442531
8 14 -599732.184188469
9 14 27483.825231541
10 14 -252629.275308147
11 14 -38973.005876914
12 14 91330.159160957
13 14 -4625413.804795385
14 14 87232468.118940532
15 14 -3479710.890086200
16 14 31766517.417748153
17 14 1389991.940532840
18 14 -6320907.371857213
19 14 97284.416509371
20 14 -558309.457470526
21 14 109157.762426376
22 14 -847459.083299538
23 14 -408580.582570814
24 14 -68945.025055626
25 14 39801.064681898
26 14 -373121.251595116
27 14 66219.360460915
28 14 -378132.123849269
29 14 30454.365082299
30 14 139485.503268302
31 14 1292.415410743
32 14 -227882.541047014
33 14 39930.533166429
34 14 -85803.866912066
35 14 -704.605729349
36 14 -11995.376019168
1 15 -6565.014618227
2 15 58891.523513358
3 15 -36294.505803079
4 15 21626.348501064
5 15 2433.516738435
6 15 -7014.798770601
7 15 24809.581282283
8 15 105546.589664630
9 15 -75895.054002854
10 15 51690.060752502
11 15 -18702.628522148
12 15 -12869.285758726
13 15 -7505104.385063916
14 15 -3479710.890086201
15 15 14821498.469708487
16 15 -2683290.445683647
17 15 4285150.604365299
18 15 -548.374613702
19 15 100110.721609021
20 15 11847.811853861
21 15 -55310.627902601
22 15 -322994.432046109
23 15 -436018.812996815
24 15 8550.484125474
25 15 77967.351472473
26 15 -6391.937558241
27 15 -44829.143148322
28 15 -32808.134254349
29 15 -125916.742429095
30 15 32011.382497215
31 15 44742.492643382
32 15 -9598.230716937
33 15 -13907.739053108
34 15 -414.775923385
35 15 -18583.642701349
36 15 5099.929691364
1 16 21442.752022439
2 16 -170649.196210714
3 16 -8259.848988521
4 16 -73474.867379115
5 16 -7406.061650184
6 16 22339.072999490
7 16 41698.693485862
8 16 -281399.106548107
9 16 23997.045981458
10 16 -127248.383146431
11 16 -12297.520008318
12 16 40639.572899868
13 16 -1389443.565919139
14 16 31766517.417748153
15 16 -2683290.445683647
16 16 20125656.047840107
17 16 2022524.672275504
18 16 -3272089.296226531
19 16 99565.438752976
20 16 -337643.818930392
21 16 151426.876738232
22 16 -3590757.851386640
23 16 -2389903.900443864
24 16 -729230.542246287
25 16 7329.273391686
26 16 -188858.445225978
27 16 28757.783645362
28 16 -458454.845991470
29 16 15396.227659313
30 16 187312.735519711
31 16 -2337.767426805
32 16 -71388.820256546
33 16 13694.035000930
34 16 -27656.388744158
35 16 871.093867150
36 16 -5071.029973624
1 17 133140.651624825
2 17 -12402.866034442
3 17 -41024.548271165
4 17 -3372.646679483
5 17 -66876.727082750
6 17 -4946.243999942
7 17 225610.599402847
8 17 -33458.005768725
9 17 -57021.821912682
10 17 -7657.774650649
11 17 -116838.539514837
12 17 20164.188310504
13 17 -29995768.680527739
14 17 1389991.940532840
15 17 4285150.604365299
16 17 2022524.672275504
17 17 20809285.926151615
18 17 -1158572.236070387
19 17 319539.610255825
20 17 -122388.515750447
21 17 111712.045730970
22 17 -2619802.759222462
23 17 -4300364.976081286
24 17 579294.632184815
25 17 145666.573797795
26 17 -8445.216074239
27 17 -28007.052492382
28 17 34733.689648424
29 17 -384867.461118278
30 17 14426.958335012
31 17 58090.639030765
32 17 -3564.357672758
33 17 12020.370744037
34 17 -2010.752197009
35 17 -24394.138494504
36 17 7428.861330206
1 18 -10446.754214361
2 18 8356.050710102
3 18 3922.815899979
4 18 -6505.747122153
5 18 5950.998475361
6 18 -22689.395024248
7 18 -67508.523906844
8 18 64243.322563503
9 18 12148.051568414
10 18 17141.168362289
11 18 33314.705109390
12 18 -46004.206746622
13 18 3674648.758006378
14 18 -6320907.371857213
15 18 -548.374613702
16 18 -3272089.296226531
17 18 -1158572.236070388
18 18 7288381.977799221
19 18 -31636.262022833
20 18 135195.084087987
21 18 -14176.284388604
22 18 589016.843440503
23 18 -325764.995318052
24 18 407066.103335179
25 18 -6165.147897867
26 18 120035.496356100
27 18 -22556.367121400
28 18 347383.146220656
29 18 -117782.034527094
30 18 -152605.070010075
31 18 -5030.072578176
32 18 22435.953494654
33 18 -5973.755729615
34 18 11204.003928373
35 18 1595.793958971
36 18 -5245.158192381
1 19 -97311.553597576
2 19 -9105.449409137
3 19 42842.662876784
4 19 -2629.104046345
5 19 39300.032385108
6 19 901.164349515
7 19 -276175.017070325
8 19 -11384.668362343
9 19 86863.357272284
10 19 -6843.556523845
11 19 129512.568061384
12 19 11988.534299409
13 19 -360614.258884343
14 19 97284.416509371
15 19 100110.721609021
16 19 99565.438752976
17 19 319539.610255825
18 19 -31636.262022833
19 19 83420018.828649983
20 19 -3372174.871469736
21 19 1124272.847009792
22 19 -711657.442012955
23 19 -30758301.388771884
24 19 4421604.430756219
25 19 -457677.045050160
26 19 42161.524474797
27 19 -72199.026629156
28 19 51317.669213390
29 19 423608.177971160
30 19 -162467.508417545
31 19 -267395.267255868
32 19 2749.020314870
33 19 -66797.610709941
34 19 2854.592721112
35 19 105252.683464506
36 19 -20139.963785572
1 20 3644.265518118
2 20 -129629.772210541
3 20 -8526.588291928
4 20 -41416.826189352
5 20 -3025.930158268
6 20 21861.249344774
7 20 10312.433874175
8 20 -353407.020947076
9 20 -19196.734249281
10 20 -136792.116859487
11 20 -5537.921017778
12 20 71712.339558820
13 20 114680.630437397
14 20 -558309.457470526
15 20 11847.811853861
16 20 -337643.818930392
17 20 -122388.515750447
18 20 135195.084087987
19 20 -3372174.871469737
20 20 91633027.846510977
21 20 -4717820.435297647
22 20 32223080.682697158
23 20 709667.477651982
24 20 -1806130.506079564
25 20 54509.736012215
26 20 -615240.991747824
27 20 95000.311496226
28 20 -445931.262453407
29 20 -54035.055640191
30 20 -126845.670092324
31 20 5275.935311874
32 20 -366681.705327964
33 20 38821.523283891
34 20 -130457.708207847
35 20 -2221.256395690
36 20 -19547.540446728
1 21 -3862.986676963
2 21 29931.680150753
3 21 -5684.309822360
4 21 10836.597888799
5 21 224.520072291
6 21 -5627.939448121
7 21 -2512.367957461
8 21 53162.440887870
9 21 -32915.119660666
10 21 15747.373607306
11 21 -7645.883998450
12 21 -7357.218688180
13 21 2344.093626481
14 21 109157.762426376
15 21 -55310.627902601
16 21 151426.876738232
17 21 111712.045730970
18 21 -14176.284388604
19 21 1124272.847009792
20 21 -4717820.435297647
21 21 15559796.874480858
22 21 -3564892.574047104
23 21 246657.216309043
24 21 1989.964360973
25 21 28571.890424305
26 21 45091.668970198
27 21 -83997.396782773
28 21 38859.932504535
29 21 -16682.947200052
30 21 14884.259379068
31 21 40839.425862075
32 21 -496.935338579
33 21 -39779.772854695
34 21 4753.442332219
35 21 -16540.335407442
36 21 4554.428275384
1 22 2872.979270349
2 22 -56882.875334903
3 22 -1960.160103755
4 22 -18962.195700191
5 22 -1489.707302447
6 22 10115.376063283
7 22 -5946.374273201
8 22 -183738.952867245
9 22 -16073.826859703
10 22 -97595.478990378
11 22 1190.937987957
12 22 55444.432997233
13 22 454774.374402269
14 22 -847459.083299538
15 22 -322994.432046109
16 22 -3590757.851386640
17 22 -2619802.759222462
18 22 589016.843440503
19 22 -711657.442012954
20 22 32223080.682697155
21 22 -3564892.574047103
22 22 26005005.222009145
23 22 3498290.365145304
24 22 2250806.435456239
25 22 -3972.774471939
26 22 -370651.181871792
27 22 106664.132374125
28 22 -942034.209819489
29 22 -136594.478186885
30 22 -504834.533152212
31 22 -2205.189103143
32 22 -119248.505809039
33 22 15506.334236300
34 22 -44347.520740399
35 22 369.716680550
36 22 -7690.193019141
1 23 40395.541688063
2 23 3990.668004050
3 23 -18560.581323937
4 23 1304.488861835
5 23 -17099.251093750
6 23 -329.421535835
7 23 149513.683770033
8 23 20813.994453853
9 23 -52841.429296768
10 23 9145.675918956
11 23 -93696.948342199
12 23 -29796.019555811
13 23 887697.716380827
14 23 -408580.582570814
15 23 -436018.812996815
16 23 -2389903.900443864
17 23 -4300364.976081286
18 23 -325764.995318052
19 23 -30758301.388771884
20 23 709667.477651984
21 23 246657.216309043
22 23 3498290.365145370
23 23 27183918.246324498
24 23 -3948739.727655696
25 23 321887.008592315
26 23 5520.093804684
27 23 105154.048222288
28 23 -131498.615113502
29 23 -1007385.781238676
30 23 382688.882855278
31 23 97096.157922403
32 23 1631.018214337
33 23 18201.403626390
34 23 -329.322851968
35 23 -40026.669248073
36 23 9432.000891323
1 24 -11687.749676988
2 24 3983.667716568
3 24 5737.421431800
4 24 726.087886798
5 24 5637.532234199
6 24 -2104.716629801
7 24 -9052.227339482
8 24 42602.351264605
9 24 7242.698819298
10 24 19151.340276639
11 24 -4778.522282029
12 24 -30032.935873854
13 24 -184083.486422696
14 24 -68945.025055626
15 24 8550.484125474
16 24 -729230.542246287
17 24 579294.632184815
18 24 407066.103335179
19 24 4421604.430756219
20 24 -1806130.506079566
21 24 1989.964360973
22 24 2250806.435456207
23 24 -3948739.727655705
24 24 8301804.465743889
25 24 -65865.552024734
26 24 35723.866709853
27 24 -12670.965926798
28 24 34072.008150669
29 24 67452.225131091
30 24 -45282.687311374
31 24 -8994.645146633
32 24 19843.145537346
33 24 -4541.317518853
34 24 11664.166748285
35 24 3928.747672299
36 24 -12809.206061113
1 25 -62177.713667523
2 25 -13763.701556614
3 25 24729.360438139
4 25 -3193.338243035
5 25 21247.648735509
6 25 3425.155296218
7 25 -199328.201729459
8 25 -25431.409196038
9 25 54558.928480212
10 25 -11874.366625370
11 25 123130.721391350
12 25 29034.987485391
13 25 -236007.520470812
14 25 39801.064681898
15 25 77967.351472473
16 25 7329.273391686
17 25 145666.573797795
18 25 -6165.147897867
19 25 -457677.045050160
20 25 54509.736012215
21 25 28571.890424305
22 25 -3972.774471939
23 25 321887.008592315
24 25 -65865.552024734
25 25 75896193.803398699
26 25 -1600666.914909681
27 25 11805671.214915739
28 25 -67369.012041783
29 25 -27641765.579331614
30 25 3496027.363675984
31 25 -341096.157680604
32 25 -13248.567715731
33 25 -91429.966878177
34 25 -70661.222540632
35 25 530854.330658784
36 25 111826.898683102
1 26 -6592.977550006
2 26 -87191.494442402
3 26 -10118.775930064
4 26 -24907.196074525
5 26 507.794616755
6 26 11610.700636917
7 26 -6465.479821438
8 26 -263166.376978384
9 26 -41599.368424916
10 26 -162982.784597065
11 26 -4926.940340443
12 26 45102.681276974
13 26 39961.672642843
14 26 -373121.251595116
15 26 -6391.937558241
16 26 -188858.445225978
17 26 -8445.216074239
18 26 120035.496356100
19 26 42161.524474797
20 26 -615240.991747824
21 26 45091.668970198
22 26 -370651.181871792
23 26 5520.093804684
24 26 35723.866709853
25 26 -1600666.914909680
26 26 88774727.606817126
27 26 -3355538.601356337
28 26 29940011.212868761
29 26 63290.830895300
30 26 6070699.140696597
31 26 -21687.032149830
32 26 -449418.604507228
33 26 20712.381372828
34 26 -553649.668476123
35 26 107052.937070057
36 26 -68804.871925700
1 27 -13524.349529367
2 27 12180.724910708
3 27 34.210218759
4 27 4213.871122563
5 27 3917.616516217
6 27 -1711.482569321
7 27 -70654.294551488
8 27 28405.742926585
9 27 2657.434477742
10 27 20734.949354965
11 27 66922.892349219
12 27 12391.739637878
13 27 -2603.517680268
14 27 66219.360460915
15 27 -44829.143148322
16 27 28757.783645362
17 27 -28007.052492382
18 27 -22556.367121400
19 27 -72199.026629156
20 27 95000.311496226
21 27 -83997.396782773
22 27 106664.132374125
23 27 105154.048222288
24 27 -12670.965926798
25 27 11805671.214915741
26 27 -3355538.601356337
27 27 17381197.245333750
28 27 -2685552.667532777
29 27 -4542567.365684292
30 27 4078.181146483
31 27 -865.391564292
32 27 3195.447048309
33 27 -58416.024006646
34 27 -94631.577167481
35 27 -131489.802122243
36 27 -60094.102203084
1 28 -863.292825134
2 28 -32908.025181222
3 28 -3047.665876432
4 28 -9715.610817893
5 28 -269.472828345
6 28 4819.436319228
7 28 12987.145697795
8 28 -228833.179641553
9 28 -57373.734400727
10 28 -241026.005611093
11 28 -34104.707108674
12 28 55893.015448072
13 28 -35993.308732313
14 28 -378132.123849269
15 28 -32808.134254349
16 28 -458454.845991470
17 28 34733.689648424
18 28 347383.146220656
19 28 51317.669213390
20 28 -445931.262453407
21 28 38859.932504535
22 28 -942034.209819489
23 28 -131498.615113502
24 28 34072.008150669
25 28 -67369.012041783
26 28 29940011.212868761
27 28 -2685552.667532777
28 28 19794989.384661380
29 28 460049.487937617
30 28 2391906.737323294
31 28 -22428.420590871
32 28 -270903.834746131
33 28 -32938.921919038
34 28 -1585166.439700202
35 28 202166.225750652
36 28 -132496.936187202
1 29 23693.050964903
2 29 4165.640852224
3 29 -9515.339304256
4 29 932.621036828
5 29 -8538.161579280
6 29 -1151.425676947
7 29 242063.666899244
8 29 15096.484665377
9 29 -62372.585253171
10 29 -4087.990920810
11 29 -271427.274793079
12 29 -77947.474529352
13 29 234644.293087209
14 29 30454.365082299
15 29 -125916.742429095
16 29 15396.227659313
17 29 -384867.461118278
18 29 -117782.034527094
19 29 423608.177971160
20 29 -54035.055640191
21 29 -16682.947200052
22 29 -136594.478186885
23 29 -1007385.781238676
24 29 67452.225131091
25 29 -27641765.579331614
26 29 63290.830895300
27 29 -4542567.365684292
28 29 460049.487937617
29 29 20570662.674166001
30 29 -2129442.100081312
31 29 264698.196230289
32 29 8059.210240170
33 29 49037.051156343
34 29 88268.780695875
35 29 -1651383.067223703
36 29 -549489.666948635
1 30 -5023.542711451
2 30 -4997.416359140
3 30 1640.236867110
4 30 -1977.334308658
5 30 2245.067262151
6 30 -289.073613542
7 30 -35129.562781278
8 30 -137618.555597388
9 30 -30947.565160186
10 30 -181085.039578467
11 30 28701.256075428
12 30 50581.593151043
13 30 -19833.278874352
14 30 139485.503268302
15 30 32011.382497215
16 30 187312.735519711
17 30 14426.958335012
18 30 -152605.070010075
19 30 -162467.508417545
20 30 -126845.670092324
21 30 14884.259379068
22 30 -504834.533152212
23 30 382688.882855278
24 30 -45282.687311374
25 30 3496027.363675984
26 30 6070699.140696597
27 30 4078.181146483
28 30 2391906.737323294
29 30 -2129442.100081312
30 30 8848695.940135732
31 30 37069.613909849
32 30 29637.116447761
33 30 24772.131636803
34 30 663819.111346759
35 30 -591774.210829844
36 30 -148662.254615173
1 31 -51414.948089470
2 31 -15299.176207834
3 31 25708.624161348
4 31 -3004.360481716
5 31 16982.103187440
6 31 4162.542791099
7 31 -118756.401666899
8 31 -22540.752514126
9 31 39301.920416979
10 31 -5670.623800688
11 31 38411.987716401
12 31 6381.680634146
13 31 -157216.357362714
14 31 1292.415410743
15 31 44742.492643382
16 31 -2337.767426805
17 31 58090.639030765
18 31 -5030.072578176
19 31 -267395.267255868
20 31 5275.935311874
21 31 40839.425862075
22 31 -2205.189103143
23 31 97096.157922403
24 31 -8994.645146633
25 31 -341096.157680604
26 31 -21687.032149830
27 31 -865.391564292
28 31 -22428.420590871
29 31 264698.196230289
30 31 37069.613909849
31 31 67730102.847058579
32 31 644960.646491529
33 31 19455948.209311314
34 31 306975.312766260
35 31 -23362337.436081238
36 31 2283267.381684074
1 32 -7476.846661334
2 32 -82979.266090994
3 32 -11824.625516067
4 32 -21348.397542472
5 32 300.411829402
6 32 12243.978368043
7 32 -11162.485343433
8 32 -176452.692625267
9 32 -23785.730309953
10 32 -50449.892524873
11 32 1530.147954903
12 32 17211.151417415
13 32 13351.905066924
14 32 -227882.541047014
15 32 -9598.230716937
16 32 -71388.820256546
17 32 -3564.357672758
18 32 22435.953494654
19 32 2749.020314870
20 32 -366681.705327964
21 32 -496.935338579
22 32 -119248.505809039
23 32 1631.018214337
24 32 19843.145537346
25 32 -13248.567715731
26 32 -449418.604507228
27 32 3195.447048309
28 32 -270903.834746131
29 32 8059.210240170
30 32 29637.116447761
31 32 644960.641674280
32 32 91464612.132043824
33 32 -2473506.893042602
34 32 26908094.511877172
35 32 -301270.370183661
36 32 11584025.280033981
1 33 -15842.727808764
2 33 11049.205598634
3 33 4256.101095790
4 33 3575.897184207
5 33 4320.558581152
6 33 -1769.137768425
7 33 -43196.713197919
8 33 16475.658429790
9 33 -271.254489082
10 33 5766.482616231
11 33 11752.969321965
12 33 -1041.718327535
13 33 -45302.216895403
14 33 39930.533166429
15 33 -13907.739053108
16 33 13694.035000930
17 33 12020.370744037
18 33 -5973.755729615
19 33 -66797.610709941
20 33 38821.523283891
21 33 -39779.772854695
22 33 15506.334236300
23 33 18201.403626390
24 33 -4541.317518853
25 33 -91429.966878177
26 33 20712.381372828
27 33 -58416.024006646
28 33 -32938.921919038
29 33 49037.051156343
30 33 24772.131636803
31 33 19455948.208815981
32 33 -2473506.895206896
33 33 20255587.739808008
34 33 -1642627.746737701
35 33 -7558509.938313516
36 33 -4340.694257337
1 34 -1213.476181310
2 34 -30628.472843558
3 34 -3680.345716915
4 34 -8068.765035736
5 34 -278.862795618
6 34 5222.378244685
7 34 -297632.615428148
8 34 -673469.302829551
9 34 -89069.765565340
10 34 -666601.711713477
11 34 206690.861133889
12 34 797894.301159610
13 34 7789.473329618
14 34 -85803.866912066
15 34 -414.775923385
16 34 -27656.388744158
17 34 -2010.752197009
18 34 11204.003928373
19 34 2854.592721112
20 34 -130457.708207847
21 34 4753.442332219
22 34 -44347.520740399
23 34 -329.322851968
24 34 11664.166748285
25 34 -70661.222540632
26 34 -553649.668476123
27 34 -94631.577167481
28 34 -1585166.439700202
29 34 88268.780695875
30 34 663819.111346759
31 34 306589.244178718
32 34 26911044.109403722
33 34 -1642220.204571825
34 34 34611455.847831503
35 34 -227934890.577036500
36 34 -258654544.281942099
1 35 19310.376296024
2 35 4849.681722602
3 35 -10084.149955346
4 35 948.215312600
5 35 -6725.513482292
6 35 -1446.675722946
7 35 439297.592433855
8 35 278439.114417150
9 35 -245749.908989842
10 35 125713.817050606
11 35 -629587.119308683
12 35 -513504.792940334
13 35 63494.354683262
14 35 -704.605729349
15 35 -18583.642701349
16 35 871.093867150
17 35 -24394.138494504
18 35 1595.793958971
19 35 105252.683464506
20 35 -2221.256395690
21 35 -16540.335407442
22 35 369.716680550
23 35 -40026.669248073
24 35 3928.747672299
25 35 530854.330658784
26 35 107052.937070057
27 35 -131489.802122243
28 35 202166.225750652
29 35 -1651383.067223703
30 35 -591774.210829844
31 35 -23361605.717220612
32 35 -299348.954242543
33 35 -7558594.727049859
34 35 463956801.422964215
35 35 -2487147118.795000553
36 35 -29627015.318577517
1 36 -4512.213535188
2 36 -7605.444615862
3 36 1419.128726828
4 36 -2129.789600224
5 36 1823.139969173
6 36 595.704041655
7 36 150184.969557600
8 36 334857.283726347
9 36 61204.731958390
10 36 376175.629968952
11 36 -90336.043799254
12 36 -448513.508250979
13 36 -17113.282896696
14 36 -11995.376019168
15 36 5099.929691364
16 36 -5071.029973624
17 36 7428.861330206
18 36 -5245.158192381
19 36 -20139.963785572
20 36 -19547.540446728
21 36 4554.428275384
22 36 -7690.193019141
23 36 9432.000891323
24 36 -12809.206061113
25 36 111826.898683102
26 36 -68804.871925700
27 36 -60094.102203084
28 36 -132496.936187202
29 36 -549489.666948635
30 36 -148662.254615173
31 36 2283274.471519479
32 36 11581603.143149292
33 36 -4440.274522383
34 36 -30760629.281942010
35 36 259398062.681422383
36 36 164950828.583274066
