# name: debug
# type: sparse matrix
# nnz: 3600
# rows: 60
# columns: 60

1 1 314704886.162568927
2 1 -35729486.578430429
3 1 -40522579.971822299
4 1 -14880412.848149344
5 1 -363551821.871993184
6 1 5134372.340330028
7 1 -338528.187333036
8 1 60746.903016754
9 1 26650.594025268
10 1 4133.464159680
11 1 4374061.003306078
12 1 -222229.818651297
13 1 -592535.047079447
14 1 61140.243528545
15 1 -16954.924671478
16 1 71832.075765809
17 1 8881095.342810970
18 1 -78462.147377976
19 1 -554505.591868825
20 1 28686.881794581
21 1 17537.776444121
22 1 -45834.635542439
23 1 1655886.977391158
24 1 288752.077925075
25 1 -439422.733935032
26 1 47925.188643039
27 1 32967.235202665
28 1 8395.010506867
29 1 1665528.505027172
30 1 -71320.867319968
31 1 -474190.525112339
32 1 59333.539063559
33 1 50354.148464467
34 1 3878.015896756
35 1 2582008.465440664
36 1 111448.735624729
37 1 -437358.873968022
38 1 84546.587403109
39 1 33884.926686930
40 1 234503.507903018
41 1 2923087.072298727
42 1 441261.026692147
43 1 -385130.553125291
44 1 91814.396750811
45 1 52256.493196098
46 1 148724.777494081
47 1 1456712.458673055
48 1 261336.542408867
49 1 -284425.131959837
50 1 93590.643817406
51 1 26383.795553257
52 1 76379.460916577
53 1 502856.141592361
54 1 -49943.825072081
55 1 -241699.044660894
56 1 78114.146877454
57 1 -2950.098563372
58 1 133895.411896089
59 1 968669.768650468
60 1 -125399.586917400
1 2 -35729486.578430429
2 2 374348478.761444211
3 2 -18505193.390959166
4 2 390968228.132724822
5 2 14779433.249180002
6 2 -44836411.524923988
7 2 82875.747677008
8 2 -474305.422224021
9 2 32413.275879003
10 2 -4563607.036159019
11 2 -236287.712810588
12 2 100353.662232080
13 2 115314.755447293
14 2 -699273.465606559
15 2 9986.661025199
16 2 -8817807.892504057
17 2 -702648.825328317
18 2 -773997.808396053
19 2 81518.242430519
20 2 -618250.896703203
21 2 -11612.165757166
22 2 -1575313.405467803
23 2 -94113.685060347
24 2 41269.528900929
25 2 75625.557942092
26 2 -536224.232131342
27 2 16591.063977934
28 2 -1708031.409239845
29 2 -87720.516452629
30 2 -74873.382950395
31 2 61841.022266640
32 2 -629702.692164493
33 2 18594.459068305
34 2 -2626268.479784591
35 2 -22583.403138738
36 2 405256.570434599
37 2 40922.440344123
38 2 -563857.855097127
39 2 7364.382815728
40 2 -2951334.114424739
41 2 71571.036562778
42 2 -102734.492496739
43 2 31977.356761439
44 2 -508302.293079058
45 2 15221.008522264
46 2 -1471912.335852356
47 2 76370.667389916
48 2 160477.827844329
49 2 29853.704064901
50 2 -414904.235090816
51 2 32050.175912641
52 2 -596352.893553697
53 2 24865.444148045
54 2 36739.774295791
55 2 10999.618115504
56 2 -333412.959527465
57 2 32318.649266151
58 2 -1010270.293572397
59 2 81666.258774272
60 2 -178550.331672354
1 3 -40522579.971822292
2 3 -18505193.390959166
3 3 147841120.637253553
4 3 1883709.868394023
5 3 26950902.802221578
6 3 100979.598969406
7 3 29783.762335781
8 3 5963.248808697
9 3 -64284.528622330
10 3 -548626.314283567
11 3 -265226.918052072
12 3 6318.335561533
13 3 -5420.976677430
14 3 -40285.352574081
15 3 -90926.965749814
16 3 -1526245.372508821
17 3 -202046.720922197
18 3 -128537.141555569
19 3 12287.453927845
20 3 -53890.301893315
21 3 -83094.401892868
22 3 -299126.429962877
23 3 5565.771217330
24 3 5306.807814238
25 3 13680.119276045
26 3 -18841.059855611
27 3 -68659.928238475
28 3 -179869.154119443
29 3 74642.211889700
30 3 -21190.201658301
31 3 3774.523473785
32 3 -16424.889585901
33 3 -75560.878307198
34 3 -323935.203581234
35 3 5055.137189349
36 3 59307.996321606
37 3 -9393.706718703
38 3 -22513.404786799
39 3 -67348.904837463
40 3 -474703.125200830
41 3 298114.763940817
42 3 14636.726277538
43 3 7130.848022553
44 3 -14109.489091119
45 3 -65998.324788417
46 3 -233694.628675771
47 3 65581.155734435
48 3 27496.303663458
49 3 10618.845624529
50 3 6556.899594456
51 3 -57112.143092151
52 3 -3515.331741888
53 3 28110.312553794
54 3 -2042.011306370
55 3 18669.906226854
56 3 12510.756356425
57 3 -43550.679410460
58 3 46239.006833986
59 3 -18336.608707870
60 3 14801.128455225
1 4 -14880412.848149344
2 4 390968228.132724822
3 4 1883709.868394022
4 4 1514485895.594170570
5 4 16430658.942921113
6 4 -44997565.500938572
7 4 138647.047062655
8 4 -2078465.181794136
9 4 80141.549007930
10 4 -157359121.491148800
11 4 -7928584.153283528
12 4 -1423308.404750250
13 4 199742.441611746
14 4 -2324000.924894759
15 4 -72655.000245484
16 4 -219000871.104373932
17 4 -17715571.916568041
18 4 -21367833.747252058
19 4 81933.515904252
20 4 -1366039.932626021
21 4 -169237.380901686
22 4 -5633214.606794883
23 4 -230752.354181196
24 4 96728.232693476
25 4 47901.999554559
26 4 -1114006.140780630
27 4 2567.583992738
28 4 -12450065.324296452
29 4 -433593.187587518
30 4 -1930032.841300008
31 4 17553.402986243
32 4 -1559860.263225614
33 4 -43825.909714812
34 4 -20353577.069134880
35 4 -11864.671489345
36 4 4157777.107414063
37 4 -38235.793081627
38 4 -1489744.149125761
39 4 -141717.984856747
40 4 -25725157.147524640
41 4 1288210.247432316
42 4 -1517293.168874439
43 4 -43257.138116805
44 4 -1031431.224387500
45 4 -101972.193081830
46 4 -8106151.836947739
47 4 680998.437292623
48 4 534516.689675787
49 4 -18203.964022534
50 4 -547935.842236229
51 4 27413.175354151
52 4 -1025875.463784636
53 4 82890.252668537
54 4 -73395.700481921
55 4 -61112.175249209
56 4 -672558.650481192
57 4 58791.265516452
58 4 -6215059.204044796
59 4 596379.248857733
60 4 -1668330.439732947
1 5 -363551821.871993184
2 5 14779433.249180002
3 5 26950902.802221578
4 5 16430658.942921111
5 5 1496702589.445908785
6 5 177529028.723639369
7 5 1887125.741183119
8 5 -31971.623537201
9 5 -61371.225931392
10 5 52273.239477814
11 5 -152611519.465666980
12 5 7917537.436270779
13 5 2232703.386968672
14 5 -24412.242629222
15 5 180915.532460689
16 5 -2375227.860923010
17 5 -214760298.574989766
18 5 6351971.364289219
19 5 1398726.498929363
20 5 38366.205079489
21 5 -5290.199594688
22 5 261366.489970901
23 5 -5884872.068289069
24 5 -1314939.458293898
25 5 1070833.023285083
26 5 6437.645492166
27 5 17629.780257133
28 5 89301.349198726
29 5 -12186141.849999135
30 5 1773717.121659873
31 5 1425083.900347221
32 5 -9102.305470878
33 5 -163691.529251202
34 5 183472.406987859
35 5 -20506372.667689133
36 5 -1277397.937922325
37 5 1417631.032113540
38 5 -105687.017173678
39 5 42349.915417818
40 5 -1504351.917559823
41 5 -25614841.085534967
42 5 -4898589.631679193
43 5 975631.572769855
44 5 -105482.481574238
45 5 -69101.376117376
46 5 -658370.540405403
47 5 -8117791.420689137
48 5 -2473985.705847624
49 5 453062.259905422
50 5 -73736.687603542
51 5 2110.764968254
52 5 -98727.571830999
53 5 -955980.644117896
54 5 22752.324768460
55 5 600586.182974434
56 5 -80920.641378872
57 5 95628.854343451
58 5 -710775.488781173
59 5 -6426736.251460343
60 5 844895.494575863
1 6 5134372.340330028
2 6 -44836411.524923988
3 6 100979.598969406
4 6 -44997565.500938602
5 6 177529028.723639369
6 6 272946054.194955230
7 6 149722.704113160
8 6 166997.643614813
9 6 -8093.771376748
10 6 8161930.297646366
11 6 -21873853.756153591
12 6 -468170.499301968
13 6 332672.585982735
14 6 -13999.355066342
15 6 23148.315155189
16 6 4469540.776299195
17 6 -39424738.051010691
18 6 -78919.920242492
19 6 295592.679157435
20 6 25201.322690401
21 6 -4202.588333019
22 6 37376.828696650
23 6 -1609150.420573861
24 6 -876885.501184234
25 6 120465.703713856
26 6 3162.379825286
27 6 4057.684385232
28 6 -993223.044783461
29 6 -1448968.661984404
30 6 -466865.002604739
31 6 138122.781073485
32 6 -12729.555746473
33 6 -23709.697164081
34 6 293207.831377568
35 6 -3210325.019362195
36 6 -752305.403713257
37 6 193264.118513296
38 6 -113921.334156780
39 6 -4647.212064956
40 6 -2933949.004261834
41 6 -5068050.419441734
42 6 -1552476.953547519
43 6 123347.482831315
44 6 15255.421988954
45 6 -13203.183582405
46 6 -519581.363246833
47 6 -2012334.620973002
48 6 -1311341.708296204
49 6 -18678.148139852
50 6 13481.276268195
51 6 1755.515506047
52 6 -129312.871612429
53 6 -34825.924904378
54 6 -236736.185417405
55 6 -43717.716906130
56 6 15994.567412086
57 6 -6653.610088998
58 6 194405.447490144
59 6 390769.751658396
60 6 -210124.622495616
1 7 -338528.187333036
2 7 82875.747677008
3 7 29783.762335781
4 7 138647.047062655
5 7 1887125.741183119
6 7 149722.704113160
7 7 445953742.717919648
8 7 -139096775.251204669
9 7 22265914.059790861
10 7 -95538108.228717178
11 7 -608180382.487544775
12 7 -158118089.318530202
13 7 -565720.019401453
14 7 140579.843279424
15 7 68326.040429011
16 7 252858.164424425
17 7 2991092.438942567
18 7 -42674.596322159
19 7 -3243179.403576761
20 7 2777435.996331273
21 7 -802989.556197925
22 7 2870737.953729590
23 7 10116085.310396628
24 7 4954865.403599271
25 7 -402805.759425796
26 7 63152.612858012
27 7 23023.886211520
28 7 33949.503423201
29 7 916863.641849809
30 7 30422.278463504
31 7 -566555.127195819
32 7 112732.688926075
33 7 55897.606069187
34 7 282970.614761350
35 7 5959143.265180372
36 7 97835.622702455
37 7 -475747.381135888
38 7 131543.155985407
39 7 43328.588457033
40 7 195293.505228848
41 7 5481977.643955519
42 7 1756471.493371060
43 7 -377480.894423415
44 7 117285.025475445
45 7 49243.960296793
46 7 111231.912748670
47 7 850950.565708767
48 7 -44242.718073973
49 7 -308827.139139732
50 7 129655.196078464
51 7 25568.419531985
52 7 453099.795829466
53 7 6203851.562955841
54 7 777504.478819440
55 7 -382402.005545214
56 7 113042.264246332
57 7 -46606.338100899
58 7 199539.165508356
59 7 7983196.135269090
60 7 1593202.045947419
1 8 60746.903016754
2 8 -474305.422224021
3 8 5963.248808697
4 8 -2078465.181794136
5 8 -31971.623537201
6 8 166997.643614813
7 8 -139096775.251204669
8 8 572763013.403720260
9 8 15160301.161197020
10 8 697236443.220335126
11 8 94939022.260897115
12 8 227625598.533784062
13 8 160052.877364601
14 8 -674917.493752423
15 8 25361.850736524
16 8 -3010680.346892308
17 8 -337553.468760278
18 8 799815.085930496
19 8 2902299.182436522
20 8 -5579336.438944187
21 8 -484523.417637562
22 8 -12544265.680565942
23 8 -3253737.154686459
24 8 -7221795.175473007
25 8 64299.079428719
26 8 -518580.113491332
27 8 14735.049755062
28 8 -1010644.724175190
29 8 -33313.134782884
30 8 17217.431190256
31 8 79665.015197655
32 8 -703240.570524403
33 8 5949.952833068
34 8 -6138339.944872532
35 8 74038.463127706
36 8 316724.991429465
37 8 51935.738860676
38 8 -646158.139132815
39 8 22636.448224083
40 8 -6466366.011625786
41 8 784274.098219668
42 8 -612132.960676468
43 8 33371.416051525
44 8 -509410.874276188
45 8 26537.090481261
46 8 -923779.422509499
47 8 58104.031596948
48 8 107099.108845696
49 8 39211.529400987
50 8 -438563.685577084
51 8 26276.527242931
52 8 -6234973.033962309
53 8 1180295.817642458
54 8 -564165.022312877
55 8 -12320.621772950
56 8 -475446.012608575
57 8 -7348.714017974
58 8 -7645573.940646985
59 8 2260596.741623369
60 8 -1955922.241270274
1 9 26650.594025268
2 9 32413.275879003
3 9 -64284.528622330
4 9 80141.549007930
5 9 -61371.225931392
6 9 -8093.771376748
7 9 22265914.059790861
8 9 15160301.161197020
9 9 219416469.511200637
10 9 81053924.625617445
11 9 -115636113.672345147
12 9 599085.967816773
13 9 64254.800653345
14 9 11481.337485896
15 9 -108023.899428558
16 9 -189565.140186664
17 9 -342761.337292969
18 9 11601.115345969
19 9 -749579.124540117
20 9 -589512.828461503
21 9 -983014.873654201
22 9 -2004633.037543324
23 9 2067475.241530230
24 9 -82262.897905588
25 9 1453.555085968
26 9 5792.120883336
27 9 -69754.663323950
28 9 -41993.255641475
29 9 56004.052819651
30 9 85.396775693
31 9 -1248.594223480
32 9 -2461.644874379
33 9 -86898.371242172
34 9 -643520.841352573
35 9 384428.697506178
36 9 15437.624699185
37 9 -6282.495488603
38 9 15287.716625586
39 9 -77430.242241390
40 9 -761397.411434683
41 9 764502.580655223
42 9 107325.705291939
43 9 5555.891950189
44 9 14223.727681212
45 9 -64486.345150211
46 9 -11713.688465464
47 9 45902.355759670
48 9 -840.156628770
49 9 15341.098056256
50 9 22830.458149990
51 9 -60604.943751155
52 9 -20912.220137109
53 9 -343925.177765531
54 9 -68767.541131176
55 9 36746.262762488
56 9 31757.061343602
57 9 -39364.059211717
58 9 707828.846491074
59 9 -1394638.893294829
60 9 -144048.207018079
1 10 4133.464159680
2 10 -4563607.036159019
3 10 -548626.314283567
4 10 -157359121.491148800
5 10 52273.239477814
6 10 8161930.297646366
7 10 -95538108.228717178
8 10 697236443.220335126
9 10 81053924.625617445
10 10 2518712309.101662159
11 10 -10071073.870606365
12 10 285647275.309243917
13 10 360488.298738081
14 10 -2716495.194190536
15 10 -109139.553014291
16 10 -23345459.185898609
17 10 -943933.742308029
18 10 3965683.762301623
19 10 3045487.755828517
20 10 -8606395.927723397
21 10 -1270838.744094643
22 10 -156080118.776358247
23 10 -5268091.468561989
24 10 -9878856.410751184
25 10 30281.953514720
26 10 -927888.710511025
27 10 -16968.760319691
28 10 -2758605.798664443
29 10 907.913782288
30 10 -197328.936840038
31 10 -49037.250539897
32 10 -2774283.438156375
33 10 -136395.062250303
34 10 -87220737.812797129
35 10 2327590.551064187
36 10 2132353.123819251
37 10 -77325.686377583
38 10 -1705625.777190192
39 10 -121869.713809106
40 10 -113049648.065137953
41 10 18117653.289086647
42 10 -13490295.076156920
43 10 -46537.133670877
44 10 -831481.311746353
45 10 15073.271503741
46 10 -2398047.129494106
47 10 231278.033638138
48 10 63619.055448174
49 10 -111475.017330596
50 10 -1158637.647418166
51 10 -38625.907345222
52 10 -116328072.759819642
53 10 24101574.677740272
54 10 -12598024.115799904
55 10 -489942.815974948
56 10 -2721908.185685182
57 10 -516217.814899178
58 10 -116829594.638498515
59 10 40873396.632039391
60 10 -30386415.345187970
1 11 4374061.003306078
2 11 -236287.712810588
3 11 -265226.918052072
4 11 -7928584.153283528
5 11 -152611519.465666980
6 11 -21873853.756153591
7 11 -608180382.487544775
8 11 94939022.260897130
9 11 -115636113.672345147
10 11 -10071073.870606406
11 11 2496102228.429890633
12 11 312575249.070172727
13 11 2684888.247762662
14 11 -280171.340108263
15 11 -340918.530901842
16 11 -283261.881209942
17 11 -23711901.487969745
18 11 -2636958.678289156
19 11 6104872.101619403
20 11 -2763307.951434792
21 11 1924009.127489499
22 11 71420.823386066
23 11 -153020383.111894518
24 11 -11408817.708544495
25 11 832688.225368009
26 11 -30221.706812126
27 11 11431.797273658
28 11 -8218.147432672
29 11 -2676820.439183292
30 11 -178408.553616047
31 11 2682237.460040391
32 11 -103619.460698187
33 11 -160746.045175107
34 11 -2852147.551495234
35 11 -84050443.047887638
36 11 1924266.048982467
37 11 1552646.020054579
38 11 -165411.004916534
39 11 85248.482195385
40 11 863913.529322982
41 11 -93872616.546415210
42 11 -39462300.270616412
43 11 753403.901967938
44 11 -104017.058290826
45 11 -40597.337394589
46 11 -228361.583623537
47 11 -2361006.083653919
48 11 -35648.895338218
49 11 1081483.237576003
50 11 -167846.025823181
51 11 72912.416815857
52 11 -6980172.709259502
53 11 -117999326.790551841
54 11 -18192701.189322818
55 11 2687823.859086219
56 11 -315617.355710952
57 11 797495.607103922
58 11 2425224.738200880
59 11 -127339988.216060579
60 11 -28795816.796424516
1 12 -222229.818651297
2 12 100353.662232080
3 12 6318.335561533
4 12 -1423308.404750250
5 12 7917537.436270779
6 12 -468170.499301968
7 12 -158118089.318530202
8 12 227625598.533784062
9 12 599085.967816774
10 12 285647275.309243858
11 12 312575249.070172787
12 12 700056608.550179958
13 12 -53170.755212029
14 12 680042.284541091
15 12 -13695.934776576
16 12 3467873.597694834
17 12 -2871253.767385087
18 12 -5066784.798700939
19 12 4861216.320834015
20 12 -6917702.510926302
21 12 45760.375478826
22 12 -13080610.950396696
23 12 -23861982.599752344
24 12 -12229698.805999324
25 12 39224.766157455
26 12 -15604.340837564
27 12 -416.712570314
28 12 -300783.599634199
29 12 -262215.391778235
30 12 -517062.200423351
31 12 296859.412013665
32 12 -63925.542938358
33 12 -21750.630765158
34 12 -6886674.725848949
35 12 -9370947.614628892
36 12 -1760664.083020026
37 12 44927.458703494
38 12 -129939.029451094
39 12 -2857.739874293
40 12 -13414974.611996297
41 12 -11488970.015412852
42 12 -8063645.652003527
43 12 -15225.666834676
44 12 20681.946084306
45 12 678.194655623
46 12 -220820.520379108
47 12 -108520.649131921
48 12 -294076.964204900
49 12 -48233.306069266
50 12 60357.207194036
51 12 7387.160659302
52 12 7511686.844209182
53 12 -2138609.554832548
54 12 330819.901077661
55 12 -149959.592753995
56 12 257210.788408844
57 12 22168.388456557
58 12 19846529.128259361
59 12 4402138.562552201
60 12 7186480.992793602
1 13 -592535.047079447
2 13 115314.755447293
3 13 -5420.976677430
4 13 199742.441611746
5 13 2232703.386968672
6 13 332672.585982735
7 13 -565720.019401453
8 13 160052.877364601
9 13 64254.800653345
10 13 360488.298738081
11 13 2684888.247762662
12 13 -53170.755212029
13 13 263661500.167605072
14 13 -30351305.016830955
15 13 -25405632.937419374
16 13 -14540796.095685275
17 13 -369667447.895654440
18 13 13416654.145287391
19 13 -515880.595006430
20 13 95593.950739052
21 13 1036.501788925
22 13 311821.631531291
23 13 5440241.005741765
24 13 2106227.110048812
25 13 -423333.730989343
26 13 109909.815225791
27 13 15609.734984027
28 13 -17265.963917343
29 13 10471942.219121197
30 13 806783.599415330
31 13 -398765.376718754
32 13 96518.176027178
33 13 63148.439492848
34 13 182550.531988258
35 13 2686012.016816057
36 13 -914860.520444868
37 13 -528571.180887021
38 13 124938.106579385
39 13 35547.168492549
40 13 1846796.548827167
41 13 12299677.817021072
42 13 4672705.033970994
43 13 -462956.189275712
44 13 103227.112871078
45 13 70675.129973436
46 13 1243616.675968394
47 13 10004972.952450160
48 13 1149615.757976207
49 13 -336043.394448348
50 13 95317.074854120
51 13 24643.019230674
52 13 1111462.165735036
53 13 4764712.069454682
54 13 966360.393855007
55 13 -362145.516247319
56 13 82945.177496938
57 13 -42594.052199484
58 13 -975751.106868482
59 13 7716470.425616703
60 13 1960339.571590050
1 14 61140.243528545
2 14 -699273.465606559
3 14 -40285.352574081
4 14 -2324000.924894759
5 14 -24412.242629222
6 14 -13999.355066342
7 14 140579.843279424
8 14 -674917.493752423
9 14 11481.337485896
10 14 -2716495.194190536
11 14 -280171.340108263
12 14 680042.284541091
13 14 -30351305.016830955
14 14 300594851.819073737
15 14 -17142508.768479377
16 14 389378812.084507823
17 14 14402200.283630909
18 14 -36569239.282057911
19 14 99299.835691753
20 14 -568837.650950861
21 14 -29948.099130779
22 14 -5149377.239438766
23 14 -330804.518657886
24 14 -1133552.606940812
25 14 96080.683025419
26 14 -547859.255475102
27 14 6659.562280754
28 14 -9902874.361130115
29 14 206177.202982757
30 14 775068.306508071
31 14 61167.293755252
32 14 -518582.215951801
33 14 30084.098702545
34 14 -2837767.553859270
35 14 -24686.050159487
36 14 1468195.448774727
37 14 23466.626861986
38 14 -617123.064421433
39 14 -75982.210869614
40 14 -12923137.635046711
41 14 469883.695110185
42 14 -804927.159419244
43 14 -10348.807439153
44 14 -543288.206252184
45 14 -22709.837207094
46 14 -9482190.305383744
47 14 966403.345736119
48 14 1305875.009934378
49 14 -11317.826694896
50 14 -439624.418426444
51 14 13399.229378489
52 14 -6018515.724337847
53 14 662262.508173350
54 14 1205899.186055417
55 14 -50654.146964017
56 14 -433341.455844482
57 14 -47565.555159274
58 14 -7043922.808158913
59 14 3586377.126283391
60 14 -1551959.985492404
1 15 -16954.924671478
2 15 9986.661025199
3 15 -90926.965749814
4 15 -72655.000245484
5 15 180915.532460689
6 15 23148.315155189
7 15 68326.040429011
8 15 25361.850736524
9 15 -108023.899428558
10 15 -109139.553014291
11 15 -340918.530901842
12 15 -13695.934776576
13 15 -25405632.937419374
14 15 -17142508.768479377
15 15 136756177.834176034
16 15 -4833881.374402731
17 15 18580253.516655561
18 15 138595.812054333
19 15 -2097.703872905
20 15 -25533.317823925
21 15 -91580.123929465
22 15 -1391904.317528472
23 15 789119.688274638
24 15 12947.432984070
25 15 -10358.800470457
26 15 6922.182643317
27 15 -76893.606870431
28 15 -1404898.651665478
29 15 950822.173765324
30 15 196347.651944739
31 15 10192.286979125
32 15 22357.662179056
33 15 -73888.489392393
34 15 295618.756463345
35 15 -381208.947138884
36 15 -33013.403080987
37 15 -27176.344541744
38 15 -37025.929349534
39 15 -82771.382925841
40 15 -2384184.791290048
41 15 2153119.208699714
42 15 568150.040967372
43 15 2471.844736298
44 15 -19205.244003258
45 15 -68980.144909996
46 15 -820910.238047739
47 15 615185.300692082
48 15 166642.435063476
49 15 5365.331262713
50 15 16582.795638662
51 15 -57076.057979483
52 15 323610.985268525
53 15 -558231.672443072
54 15 -237059.682979727
55 15 47869.475234432
56 15 24776.697087638
57 15 -28986.429789253
58 15 1257848.745533807
59 15 -2246828.380545969
60 15 -187897.195567949
1 16 71832.075765809
2 16 -8817807.892504057
3 16 -1526245.372508821
4 16 -219000871.104373932
5 16 -2375227.860923010
6 16 4469540.776299195
7 16 252858.164424425
8 16 -3010680.346892308
9 16 -189565.140186664
10 16 -23345459.185898609
11 16 -283261.881209942
12 16 3467873.597694834
13 16 -14540796.095685234
14 16 389378812.084507763
15 16 -4833881.374402735
16 16 3044372142.420241356
17 16 -37294915.256098054
18 16 63274733.060064048
19 16 372271.675272457
20 16 -3718200.099085135
21 16 -1174903.734755018
22 16 -127465434.632616624
23 16 893470.522329129
24 16 -38331785.080166258
25 16 21928.887218988
26 16 -2332545.333633089
27 16 -127240.050569700
28 16 -384757144.865500450
29 16 18163341.173232049
30 16 36643696.023292437
31 16 271106.072022555
32 16 -2206696.587184784
33 16 409753.893061632
34 16 -38664077.673775963
35 16 934900.101255291
36 16 25443538.784520246
37 16 -189382.516093166
38 16 -4833922.525490930
39 16 -1689003.880518265
40 16 -285580219.674933016
41 16 18146308.970486928
42 16 -10925102.116701189
43 16 -334893.677561462
44 16 -2843003.824201680
45 16 -413514.970009076
46 16 -224700116.340484858
47 16 24256746.257328186
48 16 28847338.203903921
49 16 -164455.429647363
50 16 -1158322.658200863
51 16 -21829.094006552
52 16 -161967717.891429543
53 16 18318250.535592847
54 16 36175026.511283584
55 16 -959504.266631110
56 16 -2933688.637901351
57 16 -1240310.728740912
58 16 -146368858.286183774
59 16 89838940.348403677
60 16 -32933701.201778118
1 17 8881095.342810970
2 17 -702648.825328317
3 17 -202046.720922197
4 17 -17715571.916568041
5 17 -214760298.574989766
6 17 -39424738.051010691
7 17 2991092.438942567
8 17 -337553.468760278
9 17 -342761.337292969
10 17 -943933.742308029
11 17 -23711901.487969745
12 17 -2871253.767385087
13 17 -369667447.895654380
14 17 14402200.283630913
15 17 18580253.516655557
16 17 -37294915.256098062
17 17 3029746775.301025391
18 17 221111227.573910564
19 17 4033524.184008891
20 17 -353305.610213859
21 17 608083.260709234
22 17 1233158.879152505
23 17 -127779866.610152960
24 17 -56661511.114346102
25 17 2286785.566290219
26 17 -77451.722880202
27 17 -60072.516705337
28 17 10906271.118780091
29 17 -408365717.749090135
30 17 -34318887.702867441
31 17 1857130.852098185
32 17 -384232.429420635
33 17 -655874.219525052
34 17 -849327.951780266
35 17 -37773558.293691687
36 17 16404410.181433417
37 17 4980965.902655345
38 17 -703501.612720676
39 17 290486.884990270
40 17 -31477910.462824512
41 17 -270575980.867499948
42 17 -103612748.479210943
43 17 2940529.416995111
44 17 -328487.090982271
45 17 -437487.795614417
46 17 -27600062.066754598
47 17 -236260348.736718297
48 17 -22698356.326017927
49 17 1066719.674820670
50 17 -145526.390021142
51 17 -80651.403696849
52 17 -30311221.511044700
53 17 -124748498.449130848
54 17 -33084068.980611399
55 17 3139431.745666973
56 17 -107726.280437730
57 17 1134411.288787123
58 17 35193341.933329061
59 17 -171170412.628015786
60 17 -42106378.216578573
1 18 -78462.147377976
2 18 -773997.808396053
3 18 -128537.141555569
4 18 -21367833.747252058
5 18 6351971.364289219
6 18 -78919.920242492
7 18 -42674.596322159
8 18 799815.085930496
9 18 11601.115345969
10 18 3965683.762301623
11 18 -2636958.678289156
12 18 -5066784.798700939
13 18 13416654.145287400
14 18 -36569239.282057911
15 18 138595.812054332
16 18 63274733.060065016
17 18 221111227.573909581
18 18 404937176.854892731
19 18 1150301.812866671
20 18 -517254.140424210
21 18 -13732.940121394
22 18 -27495289.760479588
23 18 -41392301.911653802
24 18 -29371479.911771502
25 18 220181.715337078
26 18 -187113.374025550
27 18 -25929.140268952
28 18 -31529128.501618832
29 18 -61682096.260579489
30 18 -2919669.091453759
31 18 -245802.230687166
32 18 372223.955491778
33 18 9873.693078108
34 18 8179777.443072353
35 18 5812472.949320626
36 18 -9201778.833286695
37 18 1026094.492246820
38 18 -870301.043004359
39 18 -219764.588419081
40 18 -54139497.723312378
41 18 -51751777.343721062
42 18 -28253033.710462313
43 18 383889.353016090
44 18 -67445.023786681
45 18 -63203.934445236
46 18 -16869412.458604012
47 18 -17674912.105478257
48 18 -3850192.567508329
49 18 -14249.600700192
50 18 65491.941702498
51 18 3213.698482735
52 18 24511814.833220046
53 18 9049536.967505123
54 18 -2259121.661610927
55 18 -104693.399032034
56 18 445754.786487821
57 18 93444.708686548
58 18 25468981.720634982
59 18 4830292.808647060
60 18 13030947.477826724
1 19 -554505.591868825
2 19 81518.242430519
3 19 12287.453927845
4 19 81933.515904252
5 19 1398726.498929363
6 19 295592.679157435
7 19 -3243179.403576761
8 19 2902299.182436522
9 19 -749579.124540117
10 19 3045487.755828517
11 19 6104872.101619403
12 19 4861216.320834015
13 19 -515880.595006430
14 19 99299.835691753
15 19 -2097.703872905
16 19 372271.675272457
17 19 4033524.184008891
18 19 1150301.812866671
19 19 393442558.020834327
20 19 -128748485.908284560
21 19 33601315.480465144
22 19 -94634029.258709997
23 19 -605949599.252702355
24 19 -177810860.306623757
25 19 -817999.391475857
26 19 136846.993895346
27 19 11732.983830856
28 19 984834.499497909
29 19 21886566.671163067
30 19 2975946.661093988
31 19 -350500.881509492
32 19 96694.821261157
33 19 31403.281349714
34 19 1321744.409114770
35 19 8405946.401481710
36 19 -1153511.202455809
37 19 -341553.629544972
38 19 86406.072388390
39 19 39851.481177705
40 19 346979.342584730
41 19 3583659.835991499
42 19 -144954.005616552
43 19 -356626.676116299
44 19 93919.014784339
45 19 31682.590862980
46 19 942014.978996838
47 19 8050468.400720005
48 19 -1022225.956261638
49 19 -396994.039256888
50 19 119462.237159393
51 19 2562.715852998
52 19 519987.662408372
53 19 4324109.050475358
54 19 -353370.172632825
55 19 -556257.784487794
56 19 192086.502149725
57 19 -74753.394133485
58 19 690978.890901592
59 19 6829734.540035110
60 19 1934969.901925182
1 20 28686.881794581
2 20 -618250.896703203
3 20 -53890.301893315
4 20 -1366039.932626021
5 20 38366.205079489
6 20 25201.322690401
7 20 2777435.996331273
8 20 -5579336.438944187
9 20 -589512.828461503
10 20 -8606395.927723397
11 20 -2763307.951434792
12 20 -6917702.510926302
13 20 95593.950739052
14 20 -568837.650950861
15 20 -25533.317823925
16 20 -3718200.099085135
17 20 -353305.610213859
18 20 -517254.140424210
19 20 -128748485.908284560
20 20 507312463.582229674
21 20 22807182.963222235
22 20 692967937.039214373
23 20 94051685.332511157
24 20 252720926.085618913
25 20 104517.301730767
26 20 -937022.844649811
27 20 14271.817176043
28 20 -21786119.967961453
29 20 -69462.083018907
30 20 -1423344.972322180
31 20 57809.690432799
32 20 -461374.121030930
33 20 25293.665031549
34 20 -11662340.885492615
35 20 -2282.089483098
36 20 -1875340.432080751
37 20 15263.514010418
38 20 -442206.781525991
39 20 13308.389688983
40 20 -3838511.097419980
41 20 356419.850512125
42 20 -132037.160601518
43 20 -443.917595875
44 20 -467255.390153573
45 20 18236.010063217
46 20 -9585686.461509667
47 20 1067856.048834019
48 20 122682.362616947
49 20 -7337.291041096
50 20 -524526.347396277
51 20 17513.464575166
52 20 -4082907.644173296
53 20 477914.468769375
54 20 -610193.099801566
55 20 -13464.320074397
56 20 -662928.121896076
57 20 -76261.725750381
58 20 -6706413.685520719
59 20 1609132.025850129
60 20 -1828104.801872383
1 21 17537.776444121
2 21 -11612.165757166
3 21 -83094.401892868
4 21 -169237.380901686
5 21 -5290.199594688
6 21 -4202.588333019
7 21 -802989.556197925
8 21 -484523.417637562
9 21 -983014.873654201
10 21 -1270838.744094643
11 21 1924009.127489499
12 21 45760.375478826
13 21 1036.501788925
14 21 -29948.099130779
15 21 -91580.123929465
16 21 -1174903.734755018
17 21 608083.260709234
18 21 -13732.940121394
19 21 33601315.480465144
20 21 22807182.963222232
21 21 207905948.560628712
22 21 95306697.095295087
23 21 -132808899.256582186
24 21 582343.926201626
25 21 -19509.432414273
26 21 16370.579840536
27 21 -100736.436064458
28 21 -3120685.556524794
29 21 2283971.777620314
30 21 86541.420926934
31 21 6870.495950527
32 21 24036.966160147
33 21 -60990.143773633
34 21 -431568.348367821
35 21 1674105.469670488
36 21 -382903.983827796
37 21 4106.580887366
38 21 14186.253702583
39 21 -57917.514584470
40 21 -54560.686862991
41 21 519531.278042644
42 21 -37240.248235211
43 21 -3339.879202947
44 21 17922.158968084
45 21 -64917.468834200
46 21 -8147.911599575
47 21 661116.928622850
48 21 -80394.870836273
49 21 4651.243039019
50 21 31984.726169181
51 21 -65558.984539581
52 21 462515.267251002
53 21 -99342.260096679
54 21 139021.807695509
55 21 51044.770104554
56 21 19234.174695624
57 21 -63899.331237912
58 21 207101.662865959
59 21 -583620.799634996
60 21 -83591.457073907
1 22 -45834.635542439
2 22 -1575313.405467803
3 22 -299126.429962877
4 22 -5633214.606794883
5 22 261366.489970901
6 22 37376.828696650
7 22 2870737.953729590
8 22 -12544265.680565942
9 22 -2004633.037543324
10 22 -156080118.776358247
11 22 71420.823386066
12 22 -13080610.950396696
13 22 311821.631531291
14 22 -5149377.239438766
15 22 -1391904.317528472
16 22 -127465434.632616624
17 22 1233158.879152505
18 22 -27495289.760479588
19 22 -94634029.258709997
20 22 692967937.039214373
21 22 95306697.095295087
22 22 4882980675.539358139
23 22 5274764.697648892
24 22 681116769.901887536
25 22 -10033.912298772
26 22 -13552460.619344063
27 22 -1540244.652654643
28 22 -1018432651.058116198
29 22 18960557.939467750
30 22 -76626825.911117822
31 22 -114038.921856807
32 22 -3468739.273760400
33 22 450676.188599827
34 22 -592400694.517570019
35 22 4816492.843677473
36 22 -110435119.288827538
37 22 -241210.096442896
38 22 -2161701.496311144
39 22 43713.556574197
40 22 -101058011.224985808
41 22 9409039.348185426
42 22 -7973250.195968255
43 22 -159837.873481722
44 22 -1396440.221666114
45 22 69979.183119572
46 22 -446172330.087341189
47 22 49757705.114852525
48 22 4121928.019972676
49 22 -334172.366821963
50 22 -2590802.557104052
51 22 51025.202847468
52 22 -88672359.395690456
53 22 11269577.951660503
54 22 -19578060.230388831
55 22 -684584.830916297
56 22 -5338838.881645508
57 22 -1620403.559223169
58 22 -112480044.034659177
59 22 35321002.121183701
60 22 -35519923.214037217
1 23 1655886.977391158
2 23 -94113.685060347
3 23 5565.771217330
4 23 -230752.354181196
5 23 -5884872.068289069
6 23 -1609150.420573861
7 23 10116085.310396628
8 23 -3253737.154686459
9 23 2067475.241530230
10 23 -5268091.468561989
11 23 -153020383.111894518
12 23 -23861982.599752344
13 23 5440241.005741765
14 23 -330804.518657886
15 23 789119.688274638
16 23 893470.522329129
17 23 -127779866.610152960
18 23 -41392301.911653802
19 23 -605949599.252702355
20 23 94051685.332511157
21 23 -132808899.256582186
22 23 5274764.697648806
23 23 4662693244.080901146
24 23 610083247.920797348
25 23 13590081.067043548
26 23 -542304.140637521
27 23 869720.478794699
28 23 -24525071.798279710
29 23 -1009612771.933471918
30 23 -182282064.265653223
31 23 2794481.202576088
32 23 -282689.151176217
33 23 352262.920132003
34 23 -63375770.861538000
35 23 -429192254.272075236
36 23 63656259.293565981
37 23 2072938.816309592
38 23 -156339.190603592
39 23 35407.012380895
40 23 -9641570.858101850
41 23 -96393516.176587000
42 23 7138061.691649654
43 23 1298537.316693298
44 23 -147185.205158121
45 23 -10533.686093276
46 23 -43374169.715752065
47 23 -371497427.885059774
48 23 51168792.091720663
49 23 2517776.283571501
50 23 -310571.422742823
51 23 346101.978839005
52 23 -9148000.043674855
53 23 -99570360.795959830
54 23 11795448.065104248
55 23 5278508.547874351
56 23 -1121415.828055056
57 23 1634448.581348594
58 23 -4144206.744252016
59 23 -118675716.522917405
60 23 -36804113.126254119
1 24 288752.077925075
2 24 41269.528900929
3 24 5306.807814238
4 24 96728.232693476
5 24 -1314939.458293898
6 24 -876885.501184234
7 24 4954865.403599271
8 24 -7221795.175473007
9 24 -82262.897905588
10 24 -9878856.410751184
11 24 -11408817.708544495
12 24 -12229698.805999324
13 24 2106227.110048812
14 24 -1133552.606940812
15 24 12947.432984070
16 24 -38331785.080166258
17 24 -56661511.114346102
18 24 -29371479.911771502
19 24 -177810860.306623757
20 24 252720926.085618913
21 24 582343.926201625
22 24 681116769.901887536
23 24 610083247.920797110
24 24 909977274.271000028
25 24 1544481.183377634
26 24 -1261177.947653440
27 24 -46654.190720435
28 24 -117453372.191239357
29 24 -187339248.923070848
30 24 -49730367.558983952
31 24 33370.265931411
32 24 -530388.742541166
33 24 120792.640035098
34 24 -134181261.432094291
35 24 -27398321.514678199
36 24 -20552694.094685622
37 24 40329.599440381
38 24 -208888.551493177
39 24 14440.114484411
40 24 -18072882.065185629
41 24 -834735.542635942
42 24 -4631459.426724017
43 24 -36021.501012510
44 24 -69946.746336507
45 24 6529.503883747
46 24 -36796596.164037623
47 24 350053.537585943
48 24 -133672.644649317
49 24 -272234.616804849
50 24 18449.442084895
51 24 -55681.006524719
52 24 4734555.745470469
53 24 16899220.191492472
54 24 -3485668.796116894
55 24 -7400.192273499
56 24 348861.324320131
57 24 70803.167553722
58 24 10335619.279930288
59 24 1779550.597672916
60 24 1821239.323837238
1 25 -439422.733935032
2 25 75625.557942092
3 25 13680.119276045
4 25 47901.999554559
5 25 1070833.023285083
6 25 120465.703713856
7 25 -402805.759425796
8 25 64299.079428719
9 25 1453.555085968
10 25 30281.953514720
11 25 832688.225368009
12 25 39224.766157455
13 25 -423333.730989343
14 25 96080.683025419
15 25 -10358.800470457
16 25 21928.887218988
17 25 2286785.566290219
18 25 220181.715337078
19 25 -817999.391475857
20 25 104517.301730767
21 25 -19509.432414273
22 25 -10033.912298772
23 25 13590081.067043548
24 25 1544481.183377634
25 25 262776358.563723087
26 25 -39612289.304183446
27 25 -35947690.371102549
28 25 -30713804.228879582
29 25 -446342997.288102508
30 25 21331857.693159536
31 25 -567669.818629969
32 25 133228.011043835
33 25 65221.397586686
34 25 17847023.432078205
35 25 34988693.420527406
36 25 11070935.686313720
37 25 -710623.651688563
38 25 176093.200851200
39 25 41704.443020766
40 25 -558803.698431545
41 25 37339218.678085953
42 25 2378792.472782677
43 25 -693443.102982276
44 25 139056.668311309
45 25 48994.092326871
46 25 2162557.023015790
47 25 30166062.389744692
48 25 3892404.183087547
49 25 -680814.523726072
50 25 171278.042550946
51 25 6221.530377975
52 25 804828.047213992
53 25 7564621.080704258
54 25 1429787.097708403
55 25 -286172.848466312
56 25 136857.221621045
57 25 2760.101284092
58 25 279368.594178351
59 25 941282.400246779
60 25 53357.060174755
1 26 47925.188643039
2 26 -536224.232131342
3 26 -18841.059855611
4 26 -1114006.140780630
5 26 6437.645492166
6 26 3162.379825286
7 26 63152.612858012
8 26 -518580.113491332
9 26 5792.120883336
10 26 -927888.710511025
11 26 -30221.706812126
12 26 -15604.340837564
13 26 109909.815225791
14 26 -547859.255475102
15 26 6922.182643317
16 26 -2332545.333633089
17 26 -77451.722880202
18 26 -187113.374025550
19 26 136846.993895346
20 26 -937022.844649811
21 26 16370.579840536
22 26 -13552460.619344063
23 26 -542304.140637521
24 26 -1261177.947653440
25 26 -39612289.304183446
26 26 312878753.577113628
27 26 -21206242.933003966
28 26 480301739.283858657
29 26 31112618.397121258
30 26 -42591071.175404191
31 26 106071.551554413
32 26 -719838.919459861
33 26 -23387.026552058
34 26 -39215675.329201378
35 26 -16916487.073791988
36 26 -6930955.514416608
37 26 67060.184462264
38 26 -796296.255859455
39 26 -46332.904906644
40 26 -41402177.985943764
41 26 5898785.633487730
42 26 -3248817.979697511
43 26 -9906.897799017
44 26 -843294.163777284
45 26 -35804.052590335
46 26 -34294730.883521140
47 26 4140365.511753898
48 26 50977.182447095
49 26 -14819.737000161
50 26 -789177.786008917
51 26 -46070.160965635
52 26 -7309923.205119407
53 26 1078898.340354204
54 26 -618918.445579143
55 26 36427.204042200
56 26 -390452.499072163
57 26 17143.920075053
58 26 -1059455.426296112
59 26 22264.895270698
60 26 -44483.921264889
1 27 32967.235202665
2 27 16591.063977934
3 27 -68659.928238475
4 27 2567.583992738
5 27 17629.780257133
6 27 4057.684385232
7 27 23023.886211520
8 27 14735.049755062
9 27 -69754.663323950
10 27 -16968.760319691
11 27 11431.797273658
12 27 -416.712570314
13 27 15609.734984027
14 27 6659.562280754
15 27 -76893.606870431
16 27 -127240.050569700
17 27 -60072.516705337
18 27 -25929.140268952
19 27 11732.983830856
20 27 14271.817176043
21 27 -100736.436064458
22 27 -1540244.652654643
23 27 869720.478794699
24 27 -46654.190720435
25 27 -35947690.371102557
26 27 -21206242.933003966
27 27 142888927.721612394
28 27 -12899703.068262385
29 27 22085960.668612015
30 27 -398814.168241703
31 27 16146.356720073
32 27 8911.971815377
33 27 -85432.268038882
34 27 -905667.259701475
35 27 4653215.870408867
36 27 1523011.858861056
37 27 -34095.246860493
38 27 -33871.440742702
39 27 -110456.616773307
40 27 -1037274.613664270
41 27 5381563.641981975
42 27 452307.772368035
43 27 14987.268155242
44 27 2306.442036680
45 27 -91228.746081458
46 27 -352721.738084173
47 27 1503700.377844222
48 27 126468.628805070
49 27 37939.407283403
50 27 -8522.663215132
51 27 -96371.117567346
52 27 -248345.685084665
53 27 -340954.478586419
54 27 -31678.420150697
55 27 41591.842078964
56 27 20770.020850517
57 27 -56396.174829013
58 27 -5601.657113216
59 27 -46245.703214838
60 27 -10741.701733747
1 28 8395.010506867
2 28 -1708031.409239845
3 28 -179869.154119443
4 28 -12450065.324296452
5 28 89301.349198726
6 28 -993223.044783461
7 28 33949.503423201
8 28 -1010644.724175190
9 28 -41993.255641475
10 28 -2758605.798664443
11 28 -8218.147432672
12 28 -300783.599634199
13 28 -17265.963917343
14 28 -9902874.361130115
15 28 -1404898.651665478
16 28 -384757144.865500450
17 28 10906271.118780091
18 28 -31529128.501618832
19 28 984834.499497909
20 28 -21786119.967961453
21 28 -3120685.556524794
22 28 -1018432651.058116198
23 28 -24525071.798279710
24 28 -117453372.191239357
25 28 -30713804.228879582
26 28 480301739.283858657
27 28 -12899703.068262391
28 28 13053090347.596458435
29 28 2065918789.683629751
30 28 2091507752.884779453
31 28 3194687.222717002
32 28 -14690976.996981762
33 28 -4277211.928260378
34 28 -4234391514.189561367
35 28 -2352899753.890962124
36 28 -970825646.553203583
37 28 -1099158.557815572
38 28 -12666602.967858471
39 28 -965100.105936436
40 28 -3353591980.073244095
41 28 533800650.990444124
42 28 -272241491.863626361
43 28 -1856366.989833325
44 28 -16931507.458252110
45 28 -2446719.531475386
46 28 -1707573262.294122458
47 28 209924214.211585402
48 28 -397025.019864473
49 28 -727212.058823704
50 28 -5979591.048998006
51 28 -1140151.799927948
52 28 -149881064.493435621
53 28 27979919.787499681
54 28 -22974856.130104657
55 28 13005.669402795
56 28 -1038765.678718929
57 28 -81815.362533741
58 28 -6191742.560816539
59 28 632164.090278784
60 28 -1519264.542178292
1 29 1665528.505027172
2 29 -87720.516452629
3 29 74642.211889700
4 29 -433593.187587518
5 29 -12186141.849999135
6 29 -1448968.661984404
7 29 916863.641849809
8 29 -33313.134782884
9 29 56004.052819651
10 29 907.913782288
11 29 -2676820.439183292
12 29 -262215.391778235
13 29 10471942.219121197
14 29 206177.202982757
15 29 950822.173765324
16 29 18163341.173232049
17 29 -408365717.749090135
18 29 -61682096.260579489
19 29 21886566.671163067
20 29 -69462.083018907
21 29 2283971.777620314
22 29 18960557.939467750
23 29 -1009612771.933471918
24 29 -187339248.923070848
