# name: debug
# type: sparse matrix
# nnz: 2304
# rows: 48
# columns: 48

1 1 87691544.614805937
2 1 10147489.864596156
3 1 -5946550.968281429
4 1 14455122.394657429
5 1 -116293972.449451074
6 1 -10484410.899390765
7 1 -17999940.061801057
8 1 1986748.278417914
9 1 2484679.850921681
10 1 2758228.558026062
11 1 21795899.393064383
12 1 1129615.129982897
13 1 -14575243.256239064
14 1 969227.264711061
15 1 2178202.270645813
16 1 1528972.909653818
17 1 17779511.601989295
18 1 1107648.349458290
19 1 -13384495.562552577
20 1 -432790.256169787
21 1 2513538.252645975
22 1 -571795.586941380
23 1 16707137.613683410
24 1 697751.836481394
25 1 -14659951.300199436
26 1 -2699149.864223252
27 1 2800969.210835666
28 1 -3646361.934000190
29 1 19861974.700220969
30 1 1348323.966259626
31 1 -11608165.064114915
32 1 -3543215.946389213
33 1 2075418.514054120
34 1 -5709940.947603581
35 1 19138432.622142598
36 1 1378123.957823491
37 1 -9890895.332579948
38 1 -3748010.711303753
39 1 1483218.655547319
40 1 -4597577.010826752
41 1 12939356.577319764
42 1 1762617.755784153
43 1 -7036677.945321853
44 1 -2692376.485362192
45 1 659164.562388740
46 1 -3392009.794566693
47 1 9301926.614373649
48 1 1082977.665138217
1 2 10147489.864589799
2 2 67047924.493403628
3 2 4553951.977043121
4 2 81352839.804047316
5 2 -14998272.460843377
6 2 -4920281.873793262
7 2 2712118.027750912
8 2 -27259207.880786460
9 2 -1631984.611387773
10 2 -32051177.928624120
11 2 -3698742.710876389
12 2 2646708.896049085
13 2 2772939.936086833
14 2 -20044703.286261335
15 2 -1678835.517493634
16 2 -23774409.664510436
17 2 -3852745.572154210
18 2 2721061.674316817
19 2 548944.640278924
20 2 -14138237.584079079
21 2 -394051.212925537
22 2 -16341419.363176521
23 2 -647862.917723769
24 2 2375197.509547498
25 2 -3099684.665396585
26 2 -8628632.173655873
27 2 470112.870969029
28 2 -10863851.317373581
29 2 4350746.817030850
30 2 1775376.064575408
31 2 -3411138.935894747
32 2 -2579158.641561835
33 2 600444.301369440
34 2 -3879349.496829717
35 2 6023496.779105755
36 2 245915.638556864
37 2 -4441444.218991775
38 2 2459799.905507139
39 2 1059974.712167335
40 2 3202783.325394111
41 2 5933147.964162865
42 2 -415051.421925793
43 2 -3057482.830041749
44 2 2889623.041105725
45 2 723553.343104602
46 2 3833936.192970272
47 2 4155983.510327628
48 2 -423222.597511127
1 3 -5946550.968282546
2 3 4553951.977042028
3 3 4645440.635861733
4 3 5101733.504360933
5 3 7923955.561823770
6 3 543150.066159432
7 3 2009445.834733989
8 3 -1839613.981934856
9 3 -1651893.938403595
10 3 -2367934.109097164
11 3 -1525587.140382971
12 3 219367.874945009
13 3 1504216.493345814
14 3 -1980449.155699853
15 3 -1007017.505192033
16 3 -2321746.196442822
17 3 -1625029.210677447
18 3 246296.891112880
19 3 1334837.804642747
20 3 -964600.491651932
21 3 -854451.036609898
22 3 -1102828.146853299
23 3 -1627417.376894487
24 3 160003.676591388
25 3 865650.388520399
26 3 -489629.012817655
27 3 -580846.528055648
28 3 -664404.555453078
29 3 -1126538.950988479
30 3 17135.212410659
31 3 428744.150512056
32 3 -35856.770949122
33 3 -370243.424592789
34 3 529463.253385755
35 3 -2424349.425431409
36 3 -313246.902793665
37 3 -26873.414832492
38 3 443264.290627890
39 3 -232406.759914571
40 3 565174.030415334
41 3 -74284.910323321
42 3 -193970.121499068
43 3 -236612.130371228
44 3 267749.891302729
45 3 -135675.910883994
46 3 379060.192811624
47 3 189137.660291922
48 3 -144077.444386716
1 4 14455122.394650439
2 4 81352839.804004878
3 4 5101733.504370527
4 4 129796741.670284346
5 4 -38077387.127061181
6 4 -5339343.509869436
7 4 3589130.117785651
8 4 -32543848.918633554
9 4 -2180237.808848402
10 4 -58420692.536581039
11 4 -6141012.892298434
12 4 1846702.988814665
13 4 3752071.049007818
14 4 -24319295.612240337
15 4 -2045455.871005649
16 4 -31230083.680442035
17 4 -5235900.691316905
18 4 3195720.638020088
19 4 675565.578931767
20 4 -16846498.089227892
21 4 -513791.362110316
22 4 -21288186.157425389
23 4 -713396.719882245
24 4 2995750.082921446
25 4 -4250260.681774851
26 4 -11303023.946058217
27 4 506612.997374360
28 4 -15628276.597811429
29 4 8173153.869858214
30 4 2444088.832914774
31 4 -6032876.121430337
32 4 -4037167.126705294
33 4 1140228.784789643
34 4 -10823865.454780191
35 4 24475962.122367330
36 4 1525093.905525729
37 4 -5781013.501103115
38 4 3272422.870549164
39 4 1369483.689471520
40 4 4293626.614494531
41 4 7877276.156347358
42 4 -564553.181212470
43 4 -4050018.087749655
44 4 3892184.864334248
45 4 994097.596141312
46 4 5225291.672249270
47 4 5660557.075245912
48 4 -572626.331673913
1 5 -116293972.449440822
2 5 -14998272.460814321
3 5 7923955.561817716
4 5 -38077387.126979947
5 5 227305879.914972335
6 5 20005262.491422608
7 5 22028976.079466529
8 5 -2908766.346926271
9 5 -2046707.531684426
10 5 -4955553.968099159
11 5 -42747513.669426702
12 5 -2560809.207436197
13 5 17930552.938703056
14 5 -1618011.202726292
15 5 -2394867.079145891
16 5 -2303909.558882712
17 5 -23731987.195095222
18 5 -1269656.323613535
19 5 16807503.719206963
20 5 576202.604736972
21 5 -3025827.667729784
22 5 959330.482724374
23 5 -22818320.448700331
24 5 -847230.625950344
25 5 20043962.848171961
26 5 3993069.563456209
27 5 -3569402.456968736
28 5 8138521.782915009
29 5 -32667978.751517046
30 5 -1833711.375764755
31 5 20205415.891298275
32 5 6479072.522089645
33 5 -3888720.330601286
34 5 24188019.939983144
35 5 -76905495.755836651
36 5 -6137861.853675460
37 5 13008398.790986376
38 5 5005211.376900876
39 5 -1969501.905914217
40 5 6274979.976558905
41 5 -17382317.310304437
42 5 -2358159.556639466
43 5 9447306.424275102
44 5 3655435.936063648
45 5 -929645.670759617
46 5 4732352.386156525
47 5 -12856004.336817352
48 5 -1455092.808247987
1 6 -10484410.899401231
2 6 -4920281.873796359
3 6 543150.066159445
4 6 -5339343.509859678
5 6 20005262.491431314
6 6 7433938.398366654
7 6 1424057.536523925
8 6 1740183.518958862
9 6 49711.081130459
10 6 69711.799890933
11 6 -3109293.870833373
12 6 -2280384.822734637
13 6 1570499.276264244
14 6 1458743.320987777
15 6 -19278.850139516
16 6 1427975.639134333
17 6 -1924529.336033552
18 6 -1392927.728484115
19 6 1367828.581004570
20 6 1038411.449914336
21 6 -173024.862338173
22 6 1174616.522729910
23 6 -1765184.064741220
24 6 -993078.467831252
25 6 2283982.762503115
26 6 773235.985346366
27 6 -494336.720094119
28 6 1094579.186272746
29 6 -3216425.092070716
30 6 -840205.948418336
31 6 1888939.450916992
32 6 10775.002953045
33 6 -458982.106095617
34 6 1257148.955812983
35 6 -7474714.973910115
36 6 -1208916.157459374
37 6 1450996.616705964
38 6 -23314.701784594
39 6 -333005.987058844
40 6 -67489.357707750
41 6 -1939768.947201578
42 6 -158130.117938467
43 6 541289.922061069
44 6 -94014.957226959
45 6 -154227.374963866
46 6 -154830.204032632
47 6 -719065.681781744
48 6 -101188.728578662
1 7 -17999940.061801057
2 7 2712118.027750912
3 7 2009445.834733989
4 7 3589130.117785651
5 7 22028976.079466529
6 7 1424057.536523925
7 7 97479418.200074837
8 7 11260207.425548727
9 7 -9000059.935063558
10 7 17243436.781150132
11 7 -135468443.988909870
12 7 -11111092.527577419
13 7 -17404237.212620236
14 7 1577167.416620366
15 7 2128198.217079460
16 7 2113384.402167650
17 7 20399631.758733898
18 7 1203169.660326897
19 7 -16336763.903429199
20 7 -483849.363855377
21 7 2672468.345905771
22 7 -2615741.563571470
23 7 29050419.897528213
24 7 2049616.196189289
25 7 -15860806.982797734
26 7 -2890440.585916702
27 7 2687483.814349237
28 7 -3861319.372970370
29 7 21611162.786193784
30 7 1201595.695041264
31 7 -12795367.249866407
32 7 -3064211.251604689
33 7 2563617.147086272
34 7 -3816022.761295220
35 7 17690470.355582923
36 7 1486576.261097728
37 7 -11087235.666430645
38 7 -4170566.455209740
39 7 1718680.267579077
40 7 -5606908.608412080
41 7 16402475.897915201
42 7 1730550.294708096
43 7 -7088843.970754725
44 7 -2775918.775344815
45 7 721120.921857120
46 7 -3543178.274460337
47 7 9751321.147400944
48 7 929224.874450704
1 8 1986748.278417914
2 8 -27259207.880786460
3 8 -1839613.981934856
4 8 -32543848.918633554
5 8 -2908766.346926271
6 8 1740183.518958862
7 8 11260207.425552366
8 8 77306771.548797205
9 8 3761494.144036470
10 8 91822313.169856206
11 8 -17967498.821616758
12 8 -8104601.826597054
13 8 2831043.913855427
14 8 -23520987.097852685
15 8 -1722160.018947861
16 8 -26665899.721076496
17 8 -3778577.297514602
18 8 2562261.809412119
19 8 38719.124921051
20 8 -16352462.848908162
21 8 -323778.285384218
22 8 -19074619.616209541
23 8 2060259.571441249
24 8 2614532.019804158
25 8 -3643770.872266937
26 8 -10090051.026896862
27 8 331742.967270156
28 8 -12612482.864784980
29 8 5123742.433048991
30 8 2164628.892764890
31 8 -3460726.987581823
32 8 -4555695.771347783
33 8 707139.759465234
34 8 -5870909.883408135
35 8 4749487.726401878
36 8 1056953.900816116
37 8 -5169287.159436658
38 8 2183391.885962257
39 8 1161706.599621926
40 8 2557550.509517045
41 8 7571956.887314701
42 8 -151188.806181679
43 8 -3347290.472780078
44 8 3066491.968667584
45 8 742754.966827806
46 8 4146707.501716700
47 8 4657252.541169097
48 8 -502942.677101146
1 9 2484679.850921681
2 9 -1631984.611387773
3 9 -1651893.938403595
4 9 -2180237.808848402
5 9 -2046707.531684426
6 9 49711.081130459
7 9 -9000059.935064215
8 9 3761494.144036876
9 9 6013671.025737217
10 9 3585659.303800514
11 9 13024651.748585965
12 9 724062.040476347
13 9 1730944.603518434
14 9 -1947147.932749588
15 9 -1320906.532417371
16 9 -2233947.570750572
17 9 -1969622.467436807
18 9 171312.409819656
19 9 1808368.018673245
20 9 -858019.304201373
21 9 -1140405.432906822
22 9 -568607.301843289
23 9 -3292227.099149428
24 9 12365.061039163
25 9 1133307.710360636
26 9 -525955.008381341
27 9 -703679.824153199
28 9 -646632.903451693
29 9 -1527735.821297996
30 9 -2786.004805608
31 9 1092255.077321394
32 9 131536.917245762
33 9 -648734.518668513
34 9 201669.100570582
35 9 -1756029.421359388
36 9 -194387.736388153
37 9 527351.515156460
38 9 540970.322874351
39 9 -423432.908217050
40 9 963765.152865576
41 9 -1906152.170793183
42 9 -323807.281677405
43 9 85420.606633831
44 9 310114.077896717
45 9 -313371.926573518
46 9 518901.835604426
47 9 -732362.052934920
48 9 -239294.688933605
1 10 2758228.558026062
2 10 -32051177.928624120
3 10 -2367934.109097164
4 10 -58420692.536581039
5 10 -4955553.968099159
6 10 69711.799890933
7 10 17243436.781147104
8 10 91822313.169836238
9 10 3585659.303803308
10 10 161936118.289742559
11 10 -123481144.486180216
12 10 -19583281.831818651
13 10 3668157.424159243
14 10 -26929817.869388241
15 10 -2035767.006872007
16 10 -33423840.906634759
17 10 -4952998.063337489
18 10 3093419.066855407
19 10 -2769972.297526772
20 10 -19547430.090473957
21 10 -721254.588027545
22 10 -46670995.454823680
23 10 88374129.728592113
24 10 12548476.192314740
25 10 -4985711.528703680
26 10 -12957801.014013246
27 10 376125.354942386
28 10 -17577810.294171661
29 10 9126160.034960398
30 10 2835226.629863119
31 10 -4479050.911452634
32 10 -6028766.718533977
33 10 912356.518594839
34 10 -8263816.289344538
35 10 7338144.070582522
36 10 1622220.154270557
37 10 -7364088.218233426
38 10 2522874.722849203
39 10 1408247.029349036
40 10 38614.853234631
41 10 21038691.352001697
42 10 -179705.785851273
43 10 -4429628.082182209
44 10 4151630.028288300
45 10 1100537.551834646
46 10 5274791.661807901
47 10 7658564.348194169
48 10 -681596.492328208
1 11 21795899.393064383
2 11 -3698742.710876389
3 11 -1525587.140382971
4 11 -6141012.892298434
5 11 -42747513.669426702
6 11 -3109293.870833373
7 11 -135468443.988908052
8 11 -17967498.821613003
9 11 13024651.748585297
10 11 -123481144.486209422
11 11 580582790.059986353
12 11 62456494.198197745
13 11 20460813.562242635
14 11 -2215704.444309525
15 11 -2384110.102404927
16 11 -2917712.656020551
17 11 -26213699.976815283
18 11 -1326287.526867313
19 11 32626213.136017054
20 11 3288450.345821721
21 11 -1562970.013605015
22 11 91348258.183704197
23 11 -383165199.867882133
24 11 -42243394.298858315
25 11 21707962.218711387
26 11 4095636.539067964
27 11 -3479110.564065287
28 11 7210398.468187070
29 11 -34855634.313883126
30 11 -1687654.303501152
31 11 17684277.467844423
32 11 4170844.553890486
33 11 -3580054.237378026
34 11 6243383.311606898
35 11 -28687881.541753881
36 11 -2759690.826114058
37 11 16643788.260732548
38 11 6147308.091291928
39 11 -2201872.478123945
40 11 16115198.116727822
41 11 -50986073.475959621
42 11 -2379779.335924003
43 11 9775606.882041922
44 11 3841837.199365676
45 11 -1266328.632953258
46 11 5776927.580547104
47 11 -17263038.691428572
48 11 -1110954.847808528
1 12 1129615.129982897
2 12 2646708.896049085
3 12 219367.874945009
4 12 1846702.988814665
5 12 -2560809.207436197
6 12 -2280384.822734637
7 12 -11111092.527577836
8 12 -8104601.826597386
9 12 724062.040476296
10 12 -19583281.831822477
11 12 62456494.198195621
12 12 15027597.740213843
13 12 1489570.382926275
14 12 1873609.116627887
15 12 53149.731057311
16 12 2176699.392217573
17 12 -1712506.294236231
18 12 -1723522.877014478
19 12 3383001.450356723
20 12 1745096.387440178
21 12 107785.637667027
22 12 13295182.149309583
23 12 -50679319.072138861
24 12 -7553843.420433960
25 12 1984757.080847765
26 12 1304084.688437424
27 12 -409519.150315223
28 12 1633639.987486033
29 12 -2803907.830280322
30 12 -991974.844034366
31 12 1878340.487026630
32 12 625244.925804208
33 12 -453881.578428055
34 12 955323.279943224
35 12 -3438959.697181616
36 12 -987525.273051785
37 12 1353183.720159786
38 12 19276.454542146
39 12 -433229.921558785
40 12 -181887.118980434
41 12 -1302358.219654161
42 12 -199322.728563031
43 12 320299.080552876
44 12 -279432.423882786
45 12 -231837.814084443
46 12 -424906.562468771
47 12 -137733.878631294
48 12 -107908.374228291
1 13 -14575243.256239064
2 13 2772939.936086833
3 13 1504216.493345814
4 13 3752071.049007818
5 13 17930552.938703056
6 13 1570499.276264244
7 13 -17404237.212620236
8 13 2831043.913855427
9 13 1730944.603518434
10 13 3668157.424159243
11 13 20460813.562242635
12 13 1489570.382926275
13 13 103457224.336788401
14 13 11908815.947861370
15 13 -11411709.312958762
16 13 18317751.598055948
17 13 -138196753.887591958
18 13 -9617450.647320855
19 13 -19123187.752606325
20 13 558260.785144895
21 13 3105283.366376549
22 13 -3105874.912292918
23 13 31621750.741812099
24 13 1102560.951824879
25 13 -16479604.206373680
26 13 -2038150.109659786
27 13 2554422.754212592
28 13 -2503876.354479815
29 13 21543052.284459673
30 13 1349354.488107623
31 13 -16392869.295238655
32 13 -4340156.564330060
33 13 2668109.664510285
34 13 -5371126.756217770
35 13 21596766.651260290
36 13 1760424.950703616
37 13 -13433602.006656270
38 13 -5141006.151192726
39 13 2066324.534596978
40 13 -6163931.999469496
41 13 17574595.309598371
42 13 2101732.943362078
43 13 -7024228.161493440
44 13 -3006130.024347113
45 13 651884.311190859
46 13 -3637514.678880379
47 13 8993951.634959469
48 13 1245017.277174029
1 14 969227.264711061
2 14 -20044703.286261335
3 14 -1980449.155699853
4 14 -24319295.612240337
5 14 -1618011.202726292
6 14 1458743.320987777
7 14 1577167.416620366
8 14 -23520987.097852685
9 14 -1947147.932749588
10 14 -26929817.869388241
11 14 -2215704.444309525
12 14 1873609.116627887
13 14 11908815.947894581
14 14 89873847.947194651
15 14 4126533.425391351
16 14 107865644.640001416
17 14 -18953192.604585532
18 14 -12764525.527815247
19 14 914658.833918875
20 14 -23801163.608951017
21 14 -915417.464944974
22 14 -29217474.714233872
23 14 2657443.799659133
24 14 3859791.981620091
25 14 -2293968.172362150
26 14 -15402989.017255908
27 14 -187008.087909935
28 14 -18992480.015633602
29 14 3005369.584080592
30 14 3158262.817419091
31 14 -4383142.668710331
32 14 -7797034.364598503
33 14 567776.126224669
34 14 -9665676.295610167
35 14 5769382.192027027
36 14 1892538.716919887
37 14 -6076942.497940254
38 14 -175783.528223235
39 14 1140662.686346939
40 14 -49456.270103906
41 14 7995027.330111812
42 14 501305.626073750
43 14 -3328229.533649554
44 14 2360861.020143450
45 14 643817.180376634
46 14 3174579.620021187
47 14 4373519.245803939
48 14 -90913.308635973
1 15 2178202.270645813
2 15 -1678835.517493634
3 15 -1007017.505192033
4 15 -2045455.871005649
5 15 -2394867.079145891
6 15 -19278.850139516
7 15 2128198.217079460
8 15 -1722160.018947861
9 15 -1320906.532417371
10 15 -2035767.006872007
11 15 -2384110.102404927
12 15 53149.731057311
13 15 -11411709.312955942
14 15 4126533.425407491
15 15 6094558.206650045
16 15 3713774.898353800
17 15 16136306.278788378
18 15 635441.006570469
19 15 2640840.942252487
20 15 -1214692.516832329
21 15 -1409326.478404424
22 15 -417265.602807569
23 15 -4925425.787573935
24 15 69000.038018140
25 15 1598026.957367329
26 15 -794773.509146360
27 15 -822114.094818100
28 15 -958549.497086066
29 15 -2302779.241650418
30 15 5869.296554698
31 15 1394418.834846301
32 15 83068.003855962
33 15 -801045.060927412
34 15 157790.774662364
35 15 -2150111.340773268
36 15 -146692.279855580
37 15 1073383.896792574
38 15 581828.660082308
39 15 -661423.880852202
40 15 689650.242069970
41 15 -1496169.578647744
42 15 -434674.049050339
43 15 296881.334901292
44 15 297334.103545560
45 15 -236589.551691050
46 15 401570.113340417
47 15 -569459.287748261
48 15 -276968.065898813
1 16 1528972.909653818
2 16 -23774409.664510436
3 16 -2321746.196442822
4 16 -31230083.680442035
5 16 -2303909.558882712
6 16 1427975.639134333
7 16 2113384.402167650
8 16 -26665899.721076496
9 16 -2233947.570750572
10 16 -33423840.906634759
11 16 -2917712.656020551
12 16 2176699.392217573
13 16 18317751.598134991
14 16 107865644.639901996
15 16 3713774.898295271
16 16 334598428.976544738
17 16 -442165650.340210259
18 16 -31240498.103607159
19 16 -4383133.014702232
20 16 -30185759.577901810
21 16 -2908867.941242491
22 16 -235244281.113804400
23 16 420264272.908562362
24 16 18987659.271839082
25 16 -2856844.553734029
26 16 -19286978.304070462
27 16 -230109.902934328
28 16 -24581279.931510627
29 16 3965267.646191543
30 16 4063939.787619511
31 16 -5579088.953625349
32 16 -9847042.956958873
33 16 749389.718708159
34 16 -12786998.191173997
35 16 8193919.439421486
36 16 2358396.149964228
37 16 -7570664.651502993
38 16 -127877.782705818
39 16 1403731.451250804
40 16 -44830.740053048
41 16 10286078.729269873
42 16 507082.307775457
43 16 -4118723.294024691
44 16 3121974.088878999
45 16 865264.508388468
46 16 4240335.030684490
47 16 5599742.617991045
48 16 -140486.866527272
1 17 17779511.601989295
2 17 -3852745.572154210
3 17 -1625029.210677447
4 17 -5235900.691316905
5 17 -23731987.195095222
6 17 -1924529.336033552
7 17 20399631.758733898
8 17 -3778577.297514602
9 17 -1969622.467436807
10 17 -4952998.063337489
11 17 -26213699.976815283
12 17 -1712506.294236231
13 17 -138196753.887683153
14 17 -18953192.604497585
15 17 16136306.278847553
16 17 -442165650.340475619
17 17 1067592321.599212646
18 17 45683410.936476402
19 17 35363932.873529814
20 17 4664209.953611724
21 17 450906.727026159
22 17 423102229.764320791
23 17 -923812253.847798228
24 17 -31603404.109877501
25 17 21511501.818235949
26 17 2632839.752009422
27 17 -3491892.928414450
28 17 3449663.768495459
29 17 -29160186.459602479
30 17 -1754630.299011904
31 17 21546381.023577612
32 17 5665671.467870947
33 17 -3704781.227531762
34 17 7843535.493064860
35 17 -30420465.843462676
36 17 -2033030.958999762
37 17 17497696.191399265
38 17 6697990.344689995
39 17 -2670413.138768409
40 17 8310185.160760709
41 17 -23599163.781504937
42 17 -2650644.626290375
43 17 9016342.000753105
44 17 3945765.582581070
45 17 -953036.117791684
46 17 4909279.394715249
47 17 -11953391.418230057
48 17 -1695737.109705493
1 18 1107648.349458290
2 18 2721061.674316817
3 18 246296.891112880
4 18 3195720.638020088
5 18 -1269656.323613535
6 18 -1392927.728484115
7 18 1203169.660326897
8 18 2562261.809412119
9 18 171312.409819656
10 18 3093419.066855407
11 18 -1326287.526867313
12 18 -1723522.877014478
13 18 -9617450.647313081
14 18 -12764525.527834661
15 18 635441.006565617
16 18 -31240498.103592832
17 18 45683410.936484650
18 18 9472941.059254555
19 18 1616511.153488016
20 18 3205601.213236772
21 18 135272.394515377
22 18 19827348.127100881
23 18 -35735126.065903477
24 18 -3174930.267249643
25 18 1884003.543767676
26 18 2276018.231435777
27 18 -286109.783085097
28 18 2857639.943684961
29 18 -2523349.299913278
30 18 -1431844.377744514
31 18 1882291.829219762
32 18 1391425.682176147
33 18 -336850.883908082
34 18 1648023.316903580
35 18 -2223538.033507112
36 18 -1078528.983332718
37 18 1545793.975464481
38 18 338988.878333646
39 18 -475607.031839167
40 18 266563.359642174
41 18 -1945394.110871322
42 18 -450384.691391960
43 18 628030.899003870
44 18 -119712.667357161
45 18 -248600.466438911
46 18 -208713.460271942
47 18 -895378.042647047
48 18 -113566.837881239
1 19 -13384495.562552577
2 19 548944.640278924
3 19 1334837.804642747
4 19 675565.578931767
5 19 16807503.719206963
6 19 1367828.581004570
7 19 -16336763.903429199
8 19 38719.124921051
9 19 1808368.018673245
10 19 -2769972.297526772
11 19 32626213.136017054
12 19 3383001.450356723
13 19 -19123187.752606325
14 19 914658.833918875
15 19 2640840.942252487
16 19 -4383133.014702232
17 19 35363932.873529814
18 19 1616511.153488016
19 19 108992576.430415139
20 19 11768505.333086647
21 19 -15797405.238347102
22 19 23526671.662759565
23 19 -165661107.404597998
24 19 -8425277.871051628
25 19 -17674455.338742744
26 19 91750.671808194
27 19 2855450.113112927
28 19 152718.714775191
29 19 23532156.652507097
30 19 207373.851097398
31 19 -19238481.667552192
32 19 -2846856.011626340
33 19 3859912.543920292
34 19 -3600570.864291547
35 19 26472281.311565746
36 19 1325902.725426990
37 19 -15378449.507952306
38 19 -4131205.115154705
39 19 2309552.683907135
40 19 -4727653.702351181
41 19 19955391.468458734
42 19 2367457.905808564
43 19 -8377961.328038069
44 19 -2103087.153921803
45 19 625429.271113153
46 19 -2779597.482632970
47 19 12111852.931241788
48 19 1193327.487302805
1 20 -432790.256169787
2 20 -14138237.584079079
3 20 -964600.491651932
4 20 -16846498.089227892
5 20 576202.604736972
6 20 1038411.449914336
7 20 -483849.363855377
8 20 -16352462.848908162
9 20 -858019.304201373
10 20 -19547430.090473957
11 20 3288450.345821721
12 20 1745096.387440178
13 20 558260.785144895
14 20 -23801163.608951017
15 20 -1214692.516832329
16 20 -30185759.577901810
17 20 4664209.953611724
18 20 3205601.213236772
19 20 11768505.312286329
20 20 95965989.395781428
21 20 1396500.083486374
22 20 118394328.531160519
23 20 -23975723.175065469
24 20 -17099174.451364554
25 20 -276454.969951452
26 20 -21221727.535338350
27 20 -437060.916227314
28 20 -26904305.847775280
29 20 295820.043443608
30 20 4326764.432414308
31 20 -3454573.873639709
32 20 -14426404.361569745
33 20 313001.180713749
34 20 -18315476.387032181
35 20 4773836.020674258
36 20 3762873.839840242
37 20 -5983905.904073203
38 20 -4037541.242012997
39 20 768016.516079756
40 20 -4660745.626269118
41 20 7685749.916409299
42 20 1423966.600150423
43 20 -3392160.812216359
44 20 -222633.903613801
45 20 326594.403790367
46 20 -186166.667079091
47 20 4847367.065337587
48 20 376085.216289070
1 21 2513538.252645975
2 21 -394051.212925537
3 21 -854451.036609898
4 21 -513791.362110316
5 21 -3025827.667729784
6 21 -173024.862338173
7 21 2672468.345905771
8 21 -323778.285384218
9 21 -1140405.432906822
10 21 -721254.588027545
11 21 -1562970.013605015
12 21 107785.637667027
13 21 3105283.366376549
14 21 -915417.464944974
15 21 -1409326.478404424
16 21 -2908867.941242491
17 21 450906.727026159
18 21 135272.394515377
19 21 -15797405.239452507
20 21 1396500.080412614
21 21 7439150.543401497
22 21 3449628.704569329
23 21 15185696.262841105
24 21 449055.059128469
25 21 2428007.387273603
26 21 -777427.056788749
27 21 -1104159.546367214
28 21 -895580.099829743
29 21 -3216514.018993382
30 21 125875.924681055
31 21 2992699.481640663
32 21 11525.224719203
33 21 -1270035.637228689
34 21 46819.775196173
35 21 -4396891.104591448
36 21 -280643.227128896
37 21 1640021.024881230
38 21 413149.053654313
39 21 -995342.598133253
40 21 376108.154911858
41 21 -2121108.257126789
42 21 -505675.223972831
43 21 481834.295670754
44 21 187966.618690332
45 21 -415500.283206318
46 21 361109.293434339
47 21 -1412786.874419482
48 21 -222273.766491386
1 22 -571795.586941380
2 22 -16341419.363176521
3 22 -1102828.146853299
4 22 -21288186.157425389
5 22 959330.482724374
6 22 1174616.522729910
7 22 -2615741.563571470
8 22 -19074619.616209541
9 22 -568607.301843289
10 22 -46670995.454823680
11 22 91348258.183704197
12 22 13295182.149309583
13 22 -3105874.912292918
14 22 -29217474.714233872
15 22 -417265.602807569
16 22 -235244281.113804400
17 22 423102229.764320791
18 22 19827348.127100881
19 22 23526662.127046727
20 22 118394325.418396145
21 22 3449629.165275787
22 22 373378155.857649028
23 22 -537956967.362901330
24 22 -44211141.006919384
25 22 -297018.149078677
26 22 -27090996.039175432
27 22 -485789.893698163
28 22 -35481385.055888645
29 22 580155.911902227
30 22 5233083.822812556
31 22 -4453690.458438167
32 22 -18516067.183988266
33 22 442247.062380424
34 22 -24079583.573770322
35 22 6354559.654657071
36 22 4932053.855909135
37 22 -7218952.801489798
38 22 -4775107.271904442
39 22 828874.780591134
40 22 -5770087.373175463
41 22 9705589.562413432
42 22 1601366.224213522
43 22 -4684022.228309475
44 22 -254611.186061314
45 22 570892.823245525
46 22 -676993.329695953
47 22 9075578.078137554
48 22 371394.606003815
1 23 16707137.613683410
2 23 -647862.917723769
3 23 -1627417.376894487
4 23 -713396.719882245
5 23 -22818320.448700331
6 23 -1765184.064741220
7 23 29050419.897528213
8 23 2060259.571441249
9 23 -3292227.099149428
10 23 88374129.728592113
11 23 -383165199.867882133
12 23 -50679319.072138861
13 23 31621750.741812099
14 23 2657443.799659133
15 23 -4925425.787573935
16 23 420264272.908562362
17 23 -923812253.847798228
18 23 -35735126.065903477
19 23 -165661106.874084115
20 23 -23975721.845479775
21 23 15185696.281879451
22 23 -537957758.921700358
23 23 1447354237.430815220
24 23 79159205.650945872
25 23 23512729.478989568
26 23 -246962.464070613
27 23 -3746956.437151008
28 23 -85912.210993591
29 23 -32446410.854467791
30 23 48836.826753822
31 23 26356219.824456360
32 23 3937527.874100300
33 23 -5497064.145383378
34 23 5135038.153961084
35 23 -37305183.835145719
36 23 -1902775.998314944
37 23 19885238.962777853
38 23 5311438.599517327
39 23 -2863692.555559167
40 23 6407343.404845714
41 23 -26726755.643260781
42 23 -2925979.233707647
43 23 12078228.898488222
44 23 3022603.800703544
45 23 -1220094.614956324
46 23 5264018.699547155
47 23 -23472763.012770694
48 23 -1340180.647116551
1 24 697751.836481394
2 24 2375197.509547498
3 24 160003.676591388
4 24 2995750.082921446
5 24 -847230.625950344
6 24 -993078.467831252
7 24 2049616.196189289
8 24 2614532.019804158
9 24 12365.061039163
10 24 12548476.192314740
11 24 -42243394.298858315
12 24 -7553843.420433960
13 24 1102560.951824879
14 24 3859791.981620091
15 24 69000.038018140
16 24 18987659.271839082
17 24 -31603404.109877501
18 24 -3174930.267249643
19 24 -8425277.940634148
20 24 -17099174.233825371
21 24 449055.080894228
22 24 -44211130.642715782
23 24 79159199.856225014
24 24 16124937.366156796
25 24 574425.293920037
26 24 3716272.778871924
27 24 -30700.713631188
28 24 4385692.584897839
29 24 -479094.296007953
30 24 -2165977.269772592
31 24 1408022.437922982
32 24 3017514.166733234
33 24 -374106.144658602
34 24 3879086.548659916
35 24 -2049425.574944220
36 24 -2057058.681555107
37 24 1823190.792297147
38 24 876158.360081065
39 24 -520658.546824575
40 24 893375.692288353
41 24 -2213382.817228978
42 24 -797001.226117272
43 24 494312.931659685
44 24 59355.906468729
45 24 -189206.300798403
46 24 -98166.597662013
47 24 16229.573006913
48 24 -309183.798504747
1 25 -14659951.300199436
2 25 -3099684.665396585
3 25 865650.388520399
4 25 -4250260.681774851
5 25 20043962.848171961
6 25 2283982.762503115
7 25 -15860806.982797734
8 25 -3643770.872266937
9 25 1133307.710360636
10 25 -4985711.528703680
11 25 21707962.218711387
12 25 1984757.080847765
13 25 -16479604.206373680
14 25 -2293968.172362150
15 25 1598026.957367329
16 25 -2856844.553734029
17 25 21511501.818235949
18 25 1884003.543767676
19 25 -17674455.338742744
20 25 -276454.969951452
21 25 2428007.387273603
22 25 -297018.149078677
23 25 23512729.478989568
24 25 574425.293920037
25 25 115364187.423158810
26 25 13665885.709003201
27 25 -17522821.463426091
28 25 19385471.226045020
29 25 -160777095.008354932
30 25 -6255277.395076544
31 25 -21920553.675424285
32 25 1568317.092743213
33 25 3082891.566391648
34 25 342421.130358733
35 25 35932309.067600504
36 25 -87576.738880316
37 25 -15999346.798261277
38 25 -786818.447855681
39 25 2279929.330396863
40 25 -799873.934197471
41 25 21554523.592572205
42 25 1696465.717593655
43 25 -12815433.661406472
44 25 -980627.462788836
45 25 2081810.089015940
46 25 -815614.394118945
47 25 16822944.841698010
48 25 2006034.003363960
1 26 -2699149.864223252
2 26 -8628632.173655873
3 26 -489629.012817655
4 26 -11303023.946058217
5 26 3993069.563456209
6 26 773235.985346366
7 26 -2890440.585916702
8 26 -10090051.026896862
9 26 -525955.008381341
10 26 -12957801.014013246
11 26 4095636.539067964
12 26 1304084.688437424
13 26 -2038150.109659786
14 26 -15402989.017255908
15 26 -794773.509146360
16 26 -19286978.304070462
17 26 2632839.752009422
18 26 2276018.231435777
19 26 91750.671808194
20 26 -21221727.535338350
21 26 -777427.056788749
22 26 -27090996.039175432
23 26 -246962.464070613
24 26 3716272.778871924
25 26 13665885.709465066
26 26 96848466.924550146
27 26 858878.101436732
28 26 121726896.142211407
29 26 -20537348.084787641
30 26 -20789505.381502934
31 26 -279851.861615175
32 26 -25145507.843549624
33 26 -1304286.331595957
34 26 -31625806.519233711
35 26 2165022.256994719
36 26 6208883.957802192
37 26 -3922698.340014771
38 26 -10354268.623133125
39 26 -303237.004158328
40 26 -12884878.479583245
41 26 5163465.507636836
42 26 2851095.807413358
43 26 -4169798.019006646
44 26 -4344323.364556976
45 26 304874.083587286
46 26 -5501151.935132131
47 26 5333126.199724089
48 26 1565527.751604979
1 27 2800969.210835666
2 27 470112.870969029
3 27 -580846.528055648
4 27 506612.997374360
5 27 -3569402.456968736
6 27 -494336.720094119
7 27 2687483.814349237
8 27 331742.967270156
9 27 -703679.824153199
10 27 376125.354942386
11 27 -3479110.564065287
12 27 -409519.150315223
13 27 2554422.754212592
14 27 -187008.087909935
15 27 -822114.094818100
16 27 -230109.902934328
17 27 -3491892.928414450
18 27 -286109.783085097
19 27 2855450.113112927
20 27 -437060.916227314
21 27 -1104159.546367214
22 27 -485789.893698163
23 27 -3746956.437151008
24 27 -30700.713631188
25 27 -17522821.463409800
26 27 858878.101413979
27 27 7271691.223824102
28 27 1719571.352391610
29 27 20881767.121723615
30 27 1151876.870998994
31 27 2681458.252963045
32 27 -1341488.404928391
33 27 -1766042.333447988
34 27 -2312516.463813640
35 27 -981118.173740030
36 27 39547.718044452
37 27 1931501.471880745
38 27 -317936.497708375
39 27 -992542.292206967
40 27 -425659.898709255
41 27 -2801667.500041705
42 27 -285421.425678500
43 27 2015520.114290232
44 27 155703.395110653
45 27 -655275.171960408
46 27 88610.694931139
47 27 -2735137.532691719
48 27 -384621.974682505
1 28 -3646361.934000190
2 28 -10863851.317373581
3 28 -664404.555453078
4 28 -15628276.597811429
5 28 8138521.782915009
6 28 1094579.186272746
7 28 -3861319.372970370
8 28 -12612482.864784980
9 28 -646632.903451693
10 28 -17577810.294171661
11 28 7210398.468187070
12 28 1633639.987486033
13 28 -2503876.354479815
14 28 -18992480.015633602
15 28 -958549.497086066
16 28 -24581279.931510627
17 28 3449663.768495459
18 28 2857639.943684961
19 28 152718.714775191
20 28 -26904305.847775280
21 28 -895580.099829743
22 28 -35481385.055888645
23 28 -85912.210993591
24 28 4385692.584897839
25 28 19385471.243958678
26 28 121726896.133116215
27 28 1719571.352400177
28 28 161731441.646381170
29 28 -42290724.971095756
30 28 -25273549.334584303
31 28 -2209225.940913567
32 28 -31773636.805314038
33 28 -2361538.752996743
34 28 -43048566.940146819
35 28 13232816.501633009
36 28 7217980.102029349
37 28 -4979393.063663237
38 28 -12885841.065993335
39 28 -348083.547047084
40 28 -16501833.854370547
41 28 7085309.416485853
42 28 3604483.511433025
43 28 -5109701.166879880
44 28 -5533325.767298129
45 28 341320.226389275
46 28 -7200882.021820987
47 28 6720146.522314277
48 28 1944664.143727357
1 29 19861974.700220969
2 29 4350746.817030850
3 29 -1126538.950988479
4 29 8173153.869858214
5 29 -32667978.751517046
6 29 -3216425.092070716
7 29 21611162.786193784
8 29 5123742.433048991
9 29 -1527735.821297996
10 29 9126160.034960398
11 29 -34855634.313883126
12 29 -2803907.830280322
13 29 21543052.284459673
14 29 3005369.584080592
15 29 -2302779.241650418
16 29 3965267.646191543
17 29 -29160186.459602479
18 29 -2523349.299913278
19 29 23532156.652507097
20 29 295820.043443608
21 29 -3216514.018993382
22 29 580155.911902227
23 29 -32446410.854467791
24 29 -479094.296007953
25 29 -160777095.009783506
26 29 -20537348.094754312
27 29 20881767.118925195
28 29 -42290725.488748804
29 29 267779991.026572526
30 29 6395563.772687593
31 29 36073794.226060383
32 29 -274067.439325864
33 29 -1298816.439448040
34 29 9189825.350178313
35 29 -86198894.787511945
36 29 1698576.325593537
37 29 21458686.457759596
38 29 1129417.772431715
39 29 -3143595.357783537
40 29 1445134.352345172
41 29 -30666656.452922761
42 29 -2458634.319691269
43 29 16753845.908058230
44 29 1203604.365407131
45 29 -2773714.311779170
46 29 1011071.477187011
47 29 -22530965.191052191
48 29 -2618103.186611378
1 30 1348323.966259626
2 30 1775376.064575408
3 30 17135.212410659
4 30 2444088.832914774
5 30 -1833711.375764755
6 30 -840205.948418336
7 30 1201595.695041264
8 30 2164628.892764890
9 30 -2786.004805608
10 30 2835226.629863119
11 30 -1687654.303501152
12 30 -991974.844034366
13 30 1349354.488107623
14 30 3158262.817419091
15 30 5869.296554698
16 30 4063939.787619511
17 30 -1754630.299011904
18 30 -1431844.377744514
19 30 207373.851097398
20 30 4326764.432414308
21 30 125875.924681055
22 30 5233083.822812556
23 30 48836.826753822
24 30 -2165977.269772592
25 30 -6255277.394209230
26 30 -20789505.383093763
27 30 1151876.870593429
28 30 -25273549.395792454
29 30 6395563.808190620
30 30 10874744.673790043
31 30 7847.307542137
32 30 5630585.921990238
33 30 -73760.709915615
34 30 6404246.792917801
35 30 1921196.771474412
36 30 -3104692.442449204
37 30 1350310.093060982
38 30 2278753.690685240
39 30 -211709.357672128
40 30 2850433.100659260
41 30 -1896987.663743331
42 30 -1445532.025097486
43 30 1259705.433264815
44 30 997936.900214545
45 30 -209758.920902486
46 30 1227533.361757811
47 30 -1595379.301142056
48 30 -679645.237448978
1 31 -11608165.064114915
2 31 -3411138.935894747
3 31 428744.150512056
4 31 -6032876.121430337
5 31 20205415.891298275
6 31 1888939.450916992
7 31 -12795367.249866407
8 31 -3460726.987581823
9 31 1092255.077321394
10 31 -4479050.911452634
11 31 17684277.467844423
12 31 1878340.487026630
13 31 -16392869.295238655
14 31 -4383142.668710331
15 31 1394418.834846301
16 31 -5579088.953625349
17 31 21546381.023577612
18 31 1882291.829219762
19 31 -19238481.667552192
20 31 -3454573.873639709
21 31 2992699.481640663
22 31 -4453690.458438167
23 31 26356219.824456360
24 31 1408022.437922982
25 31 -21920553.675424285
26 31 -279851.861615175
27 31 2681458.252963045
28 31 -2209225.940913567
29 31 36073794.226060383
30 31 7847.307542137
31 31 116174949.992717877
32 31 17234097.722853482
33 31 -19603610.506811243
34 31 27278682.535576995
35 31 -175813260.653675050
36 31 -7526909.016989817
37 31 -19308886.704220250
38 31 -94603.502406611
39 31 3149864.245811183
40 31 -1899625.894651116
41 31 33884926.697636768
42 31 1228192.142881662
43 31 -14494948.029223869
44 31 -417754.413391669
45 31 2030278.210343105
46 31 -104979.231114216
47 31 19847744.868797220
48 31 2046812.844995159
1 32 -3543215.946389213
2 32 -2579158.641561835
3 32 -35856.770949122
4 32 -4037167.126705294
5 32 6479072.522089645
6 32 10775.002953045
7 32 -3064211.251604689
8 32 -4555695.771347783
9 32 131536.917245762
10 32 -6028766.718533977
11 32 4170844.553890486
12 32 625244.925804208
13 32 -4340156.564330060
14 32 -7797034.364598503
15 32 83068.003855962
16 32 -9847042.956958873
17 32 5665671.467870947
18 32 1391425.682176147
19 32 -2846856.011626340
20 32 -14426404.361569745
21 32 11525.224719203
22 32 -18516067.183988266
23 32 3937527.874100300
24 32 3017514.166733234
25 32 1568317.092743213
26 32 -25145507.843549624
27 32 -1341488.404928391
28 32 -31773636.805314038
29 32 -274067.439325864
30 32 5630585.921990238
31 32 17234097.722623393
32 32 85056037.959001571
33 32 -186760.398422496
34 32 108911663.192088619
35 32 -28858822.104845650
36 32 -20518777.187078647
37 32 -2776748.984857615
38 32 -19951556.676628642
39 32 -1207518.714913227
40 32 -25813173.615188599
41 32 5899176.308816732
42 32 5230712.303660439
43 32 -3777854.830961935
44 32 -9724382.888825200
45 32 -307806.655664498
46 32 -12710269.708505204
47 32 4907524.384309830
48 32 2589553.930946211
1 33 2075418.514054120
2 33 600444.301369440
3 33 -370243.424592789
4 33 1140228.784789643
5 33 -3888720.330601286
6 33 -458982.106095617
7 33 2563617.147086272
8 33 707139.759465234
9 33 -648734.518668513
10 33 912356.518594839
11 33 -3580054.237378026
12 33 -453881.578428055
13 33 2668109.664510285
14 33 567776.126224669
15 33 -801045.060927412
16 33 749389.718708159
17 33 -3704781.227531762
18 33 -336850.883908082
19 33 3859912.543920292
20 33 313001.180713749
21 33 -1270035.637228689
22 33 442247.062380424
23 33 -5497064.145383378
24 33 -374106.144658602
25 33 3082891.566391648
26 33 -1304286.331595957
27 33 -1766042.333447988
28 33 -2361538.752996743
29 33 -1298816.439448040
30 33 -73760.709915615
31 33 -19603610.506831717
32 33 -186760.398369927
33 33 8322691.820218060
34 33 -937625.857113381
35 33 28494332.460482746
36 33 1580139.571366105
37 33 3236723.287734123
38 33 -810468.456331682
39 33 -1397751.345921276
40 33 -345555.264931596
41 33 -7317517.016157438
42 33 -93193.975886802
43 33 2199586.604991408
44 33 -6741.364504103
45 33 -999229.612605545
46 33 -139652.099675558
47 33 -3153017.521307530
48 33 -432451.531636184
1 34 -5709940.947603581
2 34 -3879349.496829717
3 34 529463.253385755
4 34 -10823865.454780191
5 34 24188019.939983144
6 34 1257148.955812983
7 34 -3816022.761295220
8 34 -5870909.883408135
9 34 201669.100570582
10 34 -8263816.289344538
11 34 6243383.311606898
12 34 955323.279943224
13 34 -5371126.756217770
14 34 -9665676.295610167
15 34 157790.774662364
16 34 -12786998.191173997
17 34 7843535.493064860
18 34 1648023.316903580
19 34 -3600570.864291547
20 34 -18315476.387032181
21 34 46819.775196173
22 34 -24079583.573770322
23 34 5135038.153961084
24 34 3879086.548659916
25 34 342421.130358733
26 34 -31625806.519233711
27 34 -2312516.463813640
28 34 -43048566.940146819
29 34 9189825.350178313
30 34 6404246.792917801
31 34 27278682.532921132
32 34 108911663.192274749
33 34 -937625.857756273
34 34 182269745.037298381
35 34 -159325802.311767071
36 34 -16939901.930214893
37 34 -5899364.479193879
38 34 -25737179.301064674
39 34 -2718361.071259786
40 34 -59764186.066251591
41 34 105300795.629372790
42 34 -605786.771603216
43 34 -4727718.865218095
44 34 -12597737.087351533
45 34 -424652.559829947
46 34 -16702724.862293474
47 34 6203312.000407089
48 34 3317112.498304016
1 35 19138432.622142598
2 35 6023496.779105755
3 35 -2424349.425431409
4 35 24475962.122367330
5 35 -76905495.755836651
6 35 -7474714.973910115
7 35 17690470.355582923
8 35 4749487.726401878
9 35 -1756029.421359388
10 35 7338144.070582522
11 35 -28687881.541753881
12 35 -3438959.697181616
13 35 21596766.651260290
14 35 5769382.192027027
15 35 -2150111.340773268
16 35 8193919.439421486
17 35 -30420465.843462676
18 35 -2223538.033507112
19 35 26472281.311565746
20 35 4773836.020674258
21 35 -4396891.104591448
22 35 6354559.654657071
23 35 -37305183.835145719
24 35 -2049425.574944220
25 35 35932309.067600504
26 35 2165022.256994719
